1610607624077 1.65975 8.24614 1.0004 0.857888
1610607624473 1.65546 8.40688 1.00055 0.684342
1610607624575 1.62366 8.27808 0.998744 0.886084
1610607624773 1.64862 8.35573 0.999732 0.8999
1610607624974 1.64457 8.2704 0.999543 0.662433
1610607625073 1.64967 8.34183 0.999139 0.562528
1610607625274 1.64 8.3341 1.00003 0.874996
1610607625474 1.61174 8.79095 0.998842 0.814376
1610607625574 1.64192 8.35582 1.00001 0.660574
1610607625873 1.6937 8.82748 1.00043 0.9068
1610607626273 1.64678 8.82693 1.00112 0.796363
1610607626373 1.64126 8.26031 1.00071 0.997139
1610607626873 1.5928 8.22331 0.999418 0.651597
1610607626974 1.62096 8.29348 1.0004 0.490655
1610607627077 1.66917 8.40668 1.00157 0.699129
1610607627174 1.67438 8.35313 1.00032 0.991408
1610607627673 1.65328 8.90586 0.999445 0.880373
1610607627973 1.68565 8.84179 1.00118 0.720298
1610607628479 1.6937 8.82748 1.00043 0.9068
1610607628574 1.65528 8.84194 0.99599 0.710011
1610607628974 1.68955 8.87594 1.00032 0.762421
1610607630375 1.65955 8.82042 1.00064 0.922327
1610607630475 1.69096 8.82148 1.00033 0.976258
1610607630874 1.68295 8.86347 0.998058 0.830435
1610607631173 1.6207 8.75599 0.998247 0.869564
1610607631375 1.60642 8.71875 1.00131 0.815806
1610607631576 1.65676 8.7794 1.14344 0.496165
1610607632374 1.65129 8.84163 1.00159 0.779802
1610607632574 1.66754 8.82341 1.00093 0.849083
1610607633675 1.67204 8.85532 0.999848 0.890441
1610607634676 1.68106 8.91202 1.00047 0.744017
1610607634975 1.67163 8.9104 1.00085 0.928145
1610607635976 1.6646 8.86605 1.00132 0.970309
1610607636476 1.65036 8.7777 0.999428 0.356695
1610607636775 1.68468 8.82237 1.00155 0.847757
1610607637075 1.62526 8.81321 1.00118 0.656794
1610607637475 1.65137 8.86746 0.998251 0.793181
1610607637674 1.65598 8.78879 0.999381 0.674826
1610607637976 1.67497 8.89334 1.00113 0.782646
1610607638475 1.65593 8.80763 0.998877 0.664822
1610607638675 1.67362 8.87868 0.998942 0.791602
1610607638776 1.67812 8.88017 1.00116 0.896179
1610607639075 1.67416 8.79944 1.00029 0.942412
1610607639975 1.68262 8.85115 1.00086 0.664671
1610607640575 1.64145 8.82202 1.00082 0.606216
1610607640876 1.66343 8.85504 1.00098 0.601555
1610607641575 1.67519 8.87498 0.999522 0.961718
1610607641875 1.65363 8.84878 1.00106 0.749691
1610607642776 1.66992 8.81715 1.00077 0.757679
1610607644875 1.63315 8.89524 1.00207 0.949738
1610607645576 1.67207 8.81119 1.00021 0.819842
1610607646376 1.63464 8.86357 0.999997 0.867254
1610607647576 1.63573 8.77916 0.999434 0.981352
1610607648678 1.68813 8.85867 0.999759 0.936109
1610607649376 1.66549 8.906 1.00038 0.924942
1610607649577 1.64429 8.8397 1.00194 0.908777
1610607651477 1.69238 8.85719 1.00126 0.856975
1610607652280 1.6545 8.90821 1.0009 0.801035
1610607652378 1.63216 8.85939 1.00047 0.90011
1610607652577 1.6942 8.8196 1.00065 0.814878
1610607652876 1.67497 8.89334 1.00113 0.782646
1610607653378 1.70275 8.86342 0.99897 0.869916
1610607654077 1.63216 8.85939 1.00047 0.90011
1610607655678 1.62677 8.76555 1.0013 0.797327
1610607657178 1.69238 8.85719 1.00126 0.856975
1610607659679 1.61649 8.79142 0.999108 0.907991
1610607660178 1.66052 8.89392 1.00036 0.777645
1610607660578 1.68439 8.91065 0.999243 0.794869
1610607660678 1.67458 8.77929 0.999691 0.828726
1610607661079 1.62739 8.83753 0.998473 0.658559
1610607662279 1.69126 8.85272 1.00064 0.940427
1610607662379 1.66088 8.91819 0.999123 0.809271
1610607662579 1.67163 8.9104 1.00085 0.928145
1610607662979 1.70514 8.89883 1.00072 0.859544
1610607664078 1.67793 8.85439 1.00018 0.841795
1610607666382 1.68829 9.01178 1.00058 0.875304
1610607667680 1.67163 8.9104 1.00085 0.928145
1610607667880 1.61931 8.81209 1.00104 0.914589
1610607668579 1.68518 8.89986 1.00103 0.797368
1610607668879 1.66896 8.92007 0.998564 0.958656
1610607669381 1.64248 8.87501 0.999247 0.736128
1610607669579 1.67812 8.88017 1.00116 0.896179
1610607670079 1.66756 8.84874 1.00079 0.834929
1610607670379 1.67043 8.92219 1.00023 0.861413
1610607670484 1.67106 8.89029 1.00103 0.936902
1610607671984 1.65696 8.83589 0.999608 0.738097
1610607674185 1.63917 8.85609 1.00109 0.979607
1610607674780 1.66183 8.91407 0.999086 0.876487
1610607675281 1.61857 8.78823 0.999405 0.657863
1610607676083 1.70275 8.86342 0.99897 0.869916
1610607676383 1.69126 8.85272 1.00064 0.940427
1610607676981 1.65089 8.86516 1.001 0.77829
1610607677083 1.68281 8.87093 0.999582 0.653385
1610607678380 1.67435 8.80933 0.999674 0.559159
1610607678781 1.66063 8.85048 0.998665 0.889522
1610607679381 1.60642 8.71875 1.00131 0.815806
1610607679974 1.64017 8.89972 0.999352 0.879475
1610607680482 1.67812 8.88017 1.00116 0.896179
1610607681181 1.64633 8.85278 1.00024 0.730894
1610607682481 1.67633 8.86209 1.00093 0.722172
1610607683384 1.63634 8.85035 0.999434 0.511221
1610607685582 1.70116 8.86201 1.00037 0.919301
1610607685682 1.6516 8.83086 0.999131 0.820601
1610607687383 1.62378 8.92171 0.998901 0.880792
1610607687487 1.68813 8.85867 0.999759 0.936109
1610607687591 1.69568 8.91521 0.999562 0.991048
1610607687682 1.68395 8.846 1.00027 0.864853
1610607689782 1.6646 8.86605 1.00132 0.970309
1610607690583 1.65341 8.86446 0.99993 0.63267
1610607690883 1.59074 8.70427 1.01137 0.974768
1610607692182 1.65527 8.84787 0.999449 0.692527
1610607692284 1.67485 8.88003 1.00098 0.816474
1610607695583 1.64575 8.77768 1.00094 0.545947
1610607696684 1.62459 8.90649 0.999407 0.526645
1610607696883 1.70109 8.88232 0.999408 0.89678
1610607698383 1.64341 8.83187 1.00112 0.724097
1610607698983 1.65714 8.91219 0.999039 0.990022
1610607700485 1.62732 8.77894 1.00087 0.822643
1610607701384 1.66586 8.87707 1.0009 0.929192
1610607702384 1.63917 8.85609 1.00109 0.979607
1610607702584 1.61932 8.92191 0.998763 0.971527
1610607702885 1.63949 8.86778 0.998809 0.955848
1610607703084 1.64828 8.8502 1.00084 0.674811
1610607704086 1.70116 8.86201 1.00037 0.919301
1610607706086 1.6634 8.89625 0.999936 0.687502
1610607706687 1.68142 8.86254 0.999141 0.872749
1610607709486 1.62672 8.78776 0.998277 0.920321
1610607710085 1.64729 8.84117 1.00092 0.852222
1610607711287 1.65129 8.84163 1.00159 0.779802
1610607712187 1.67298 8.85415 0.999601 0.920859
1610607712987 1.65328 8.90586 0.999445 0.880373
1610607713187 1.67777 8.82119 0.998731 0.820367
1610607713485 1.66249 8.8791 0.997713 0.947527
1610607713885 1.67163 8.9104 1.00085 0.928145
1610607714187 1.65995 8.85562 1.00016 0.714807
1610607715387 1.68295 8.86347 0.998058 0.830435
1610607719787 1.62236 8.82224 1.00083 0.913017
1610607721188 1.66896 8.92007 0.998564 0.958656
1610607721287 1.64828 8.8502 1.00084 0.674811
1610607723388 1.65137 8.86746 0.998251 0.793181
1610607724088 1.69655 8.92407 0.998775 0.975859
1610607724987 1.62228 8.78404 0.996327 0.748584
1610607725487 1.69408 8.84665 1.0006 0.777512
1610607725588 1.69655 8.92407 0.998775 0.975859
1610607725789 1.67204 8.85532 0.999848 0.890441
1610607726688 1.6937 8.82748 1.00043 0.9068
1610607727888 1.68802 8.92869 0.99956 0.79789
1610607728090 1.63379 8.71601 1.00121 0.646835
1610607728589 1.68518 8.89986 1.00103 0.797368
1610607729088 1.63345 8.87612 0.999697 0.397028
1610607729289 1.66282 8.79554 0.996956 0.810082
1610607729890 1.6634 8.9044 1.0002 0.777504
1610607730489 1.66397 8.87559 0.999512 0.582848
1610607733492 1.64429 8.8397 1.00194 0.908777
1610607734289 1.68477 8.86645 1.00119 0.994053
1610607734989 1.6753 8.8527 1.00007 0.989166
1610607737389 1.69247 8.87639 0.999408 0.828928
1610607737490 1.6918 8.8786 1.00301 0.675624
1610607737995 1.66088 8.91819 0.999123 0.809271
1610607738491 1.67321 8.8497 0.999709 0.614131
1610607741890 1.65699 8.83724 1.00014 0.881771
1610607742191 1.64746 8.59378 0.999409 0.540448
1610607742290 1.63663 8.71757 0.999158 0.741329
1610607742391 1.63625 8.72917 0.998178 0.407465
1610607742791 1.64887 8.89563 0.998875 0.537325
1610607742891 1.6516 8.83086 0.999131 0.820601
1610607744894 1.6696 8.73481 0.999222 0.904945
1610607744990 1.59025 8.79822 1.00049 0.944768
1610607747991 1.64312 8.48579 0.999481 0.828511
1610607750192 1.67721 8.70634 1.00094 0.87585
1610607750291 1.66653 8.84864 0.998966 0.715577
1610607752893 1.61589 8.74071 1.00114 0.627604
1610607752991 1.69113 8.93886 0.999176 0.865321
1610607753291 1.64429 8.8397 1.00194 0.908777
1610607758294 1.69844 8.70013 1.0012 0.994805
1610607758493 1.6187 8.72519 0.998702 0.93747
1610607759493 1.71633 8.88292 1.00067 0.806636
1610607762595 1.64651 9.06459 0.999015 0.820786
1610607763493 1.73414 8.74532 0.999475 0.399361
1610607763794 1.72 8.97921 0.99741 0.440037
1610607763894 1.67523 8.77709 0.999386 0.296674
1610607763995 1.71414 9.23542 1.00041 0.91585
1610607764095 1.68522 8.5855 1.002 0.450415
1610607764194 1.68296 8.53103 1.00145 0.268987
1610607764294 1.6643 8.7437 1.00093 0.887603
1610607764392 1.68519 8.8439 1.00126 0.801834
1610607764494 1.70519 8.99446 0.999292 0.222718
1610607764595 1.68747 9.06433 1.00082 0.726171
1610607764794 1.7154 9.05422 1.00114 0.512739
1610607764894 1.76166 8.96292 1.00115 0.777879
1610607765694 1.69731 8.99866 1.00125 0.666708
1610607765794 1.6726 8.87319 1.00091 0.554114
1610607765995 1.713 8.7234 0.999312 0.293671
1610607766094 1.65158 8.72149 0.998821 0.561493
1610607766195 1.67846 8.75877 1.00058 0.118392
1610607766292 1.69116 8.83148 1.00193 0.513793
1610607766494 1.69662 8.85394 0.998449 0.571269
1610607766598 1.69019 8.79824 0.999201 0.428113
1610607766698 1.65158 8.72149 0.998821 0.561493
1610607766794 1.72979 8.95613 1.00007 0.394506
1610607766895 1.68763 8.88192 1.00118 0.25912
1610607766994 1.72371 8.92485 1.00589 0.401978
1610607767193 1.71128 8.92026 1.00129 0.428588
1610607767294 1.73384 9.07126 1.00182 0.827034
1610607767595 1.65637 8.74258 0.999604 0.102119
1610607767795 1.73793 8.94295 0.999334 0.590559
1610607768094 1.70941 8.79902 1.00103 0.24889
1610607768193 1.67532 8.77434 0.999234 0.272462
1610607768494 1.69523 8.92435 1.00179 0.407077
1610607768597 1.76775 9.07685 1.00078 0.517943
1610607768794 1.70244 8.66964 0.999224 0.136861
1610607768893 1.70122 8.81906 1.00133 0.513156
1610607768994 1.70499 8.70772 1.00118 0.50386
1610607769094 1.71624 8.75094 1.00054 0.254402
1610607769195 1.68008 8.74381 0.999932 0.390602
1610607769694 1.67593 8.69498 1.00139 0.347285
1610607769994 1.66268 8.67832 1.00013 0.169006
1610607771095 1.68156 8.72288 0.999481 0.408416
1610607771193 1.71824 8.83062 0.998978 0.612782
1610607771294 1.67664 8.64621 0.999624 0.390736
1610607771395 1.6713 8.58148 0.999919 0.245947
1610607771594 1.74209 8.79988 0.999429 0.369955
1610607771794 1.69539 8.75952 0.998515 0.528613
1610607772194 1.66778 8.72857 1.00132 0.520432
1610607772294 1.69422 8.72969 1.00005 0.210354
1610607772594 1.64676 8.71552 1.00108 0.321958
1610607772795 1.71708 8.61538 1.00151 0.406349
1610607772894 1.73331 8.6453 0.999299 0.625889
1610607772994 1.65118 8.71582 1.00053 0.369792
1610607773199 1.70868 8.72917 0.999934 0.220428
1610607773496 1.64004 8.6724 1.00145 0.506104
1610607773698 1.7098 8.77958 0.996483 0.674899
1610607774095 1.6432 8.65064 0.997229 0.361671
1610607774296 1.66371 8.72726 1.00008 0.92585
1610607774396 1.65958 8.67777 1.00031 0.836145
1610607774595 1.6329 8.55974 1.00096 0.371737
1610607774695 1.64564 8.55154 0.999115 0.870393
1610607774896 1.63595 8.69968 1.00058 0.578304
1610607775096 1.62497 8.71876 1.00023 0.671437
1610607776796 1.65107 8.73608 0.999541 0.846397
1610607777096 1.63119 8.71345 0.99876 0.981298
1610607777498 1.63044 8.71182 1.00129 0.848673
1610607778899 1.62334 8.50762 1.00025 0.481603
1610607779196 1.65869 8.54226 1.00141 0.908289
1610607779595 1.63324 8.61629 1.00161 0.774863
1610607780696 1.6747 8.80357 1.00025 0.896017
1610607781297 1.67395 8.92208 0.998968 0.84513
1610607782798 1.68961 8.74332 0.999198 0.97681
1610607784698 1.63249 8.82515 1.00052 0.75019
1610607784797 1.65664 8.7171 1.00066 0.672329
1610607785397 1.64492 8.71229 1.00119 0.684977
1610607785498 1.65513 8.75842 1.00131 0.986178
1610607785598 1.66456 8.75881 1.00052 0.998234
1610607785996 1.68247 8.75372 0.999589 0.732001
1610607786897 1.64018 8.82395 0.998778 0.623455
1610607787098 1.6477 8.84134 1.00111 0.626097
1610607788097 1.6545 8.90821 1.0009 0.801035
1610607790698 1.63949 8.86778 0.998809 0.955848
1610607791202 1.66435 8.85529 0.999717 0.760208
1610607791798 1.61777 8.86902 1.00189 0.945389
1610607791999 1.6561 8.83957 0.999061 0.85529
1610607792299 1.75493 8.71387 0.998947 0.579023
1610607792699 1.67562 8.50586 0.999065 0.362117
1610607792797 1.77688 8.65398 0.998888 0.247487
1610607792897 1.77047 8.6196 1.00113 0.278412
1610607793199 1.7597 8.57657 1.00312 0.526325
1610607793298 1.80762 8.56008 1.00155 0.535246
1610607793398 1.82082 8.59346 1.00002 0.451211
1610607793499 1.77333 8.5345 0.999368 0.411311
1610607793598 1.84275 8.50726 0.999857 0.0728011
1610607794198 1.90807 8.4525 0.99989 0.40246
1610607794699 1.66957 8.18624 0.999104 0.796078
1610607794998 1.66768 8.12772 0.0959221 0.00777304
1610607795198 1.45733 8.10187 1.00025 0.0731359
1610607795701 1.48951 8.05051 1.00123 0.363334
1610607797098 1.24506 7.55383 -0.327539 4.70741e-17
1610607797196 1.45756 7.58617 -0.278438 2.12048e-16
1610607797296 1.46724 7.63663 1.0001 0.0861285
1610607797396 1.57015 7.62205 0.997608 0.91092
1610607798499 1.41013 7.21988 1.00043 0.705599
1610607798597 1.40417 7.1944 1.00081 0.826018
1610607798898 1.34779 7.15048 0.999621 0.509165
1610607802200 1.25127 6.80312 0.999513 0.798738
1610607802298 1.20255 6.81513 0.99935 0.687898
1610607805102 1.98278 7.10277 -0.311227 2.59027e-17
1610607805999 1.9031 7.25496 0.999424 0.110836
1610607806499 1.90795 7.25449 0.916725 3.5674e-19
1610607806699 1.90108 7.25427 1.00053 0.00702261
1610607808600 1.82631 7.84348 0.99786 0.186269
1610607808900 1.7639 7.89399 1.00057 0.19681
1610607809003 1.66431 7.72535 0.81161 0.0110467
1610607810801 1.88679 7.84696 1.00036 0.904431
1610607810900 1.96711 7.84878 0.999729 0.937367
1610607811400 2.32609 7.67791 -1.45582 4.73018e-19
1610607811601 1.7875 7.73208 0.528494 3.03867e-21
1610607811698 1.8653 7.66307 0.25287 0.0294536
1610607811798 2.10626 7.86437 1.00048 0.000722193
1610607811898 2.11317 7.87281 1.00103 0.419654
1610607812099 1.96107 7.7958 1.00053 0.473672
1610607812200 1.99386 7.68431 0.419038 5.98004e-17
1610607813401 1.74999 7.39053 1.0001 0.878433
1610607813500 1.65915 7.28542 0.999719 0.121921
1610607813599 1.60301 7.29241 0.998946 0.593269
1610607813702 1.54901 7.25761 0.999111 0.402792
1610607813805 1.46493 7.17637 0.999719 0.0440954
1610607813899 1.59119 7.28841 1.00139 0.464459
1610607816806 1.81065 6.7617 0.999471 0.315445
1610607816903 1.79114 6.85288 0.999797 0.557702
1610607817701 1.68725 6.84266 0.999655 0.955593
1610607818301 1.65603 6.77438 0.998776 0.0753372
1610607819102 1.95404 7.17485 0.999548 0.10714
1610607819201 2.08774 6.92507 1.00047 0.0391714
1610607820002 2.12781 7.15757 0.999738 0.932012
1610607820101 1.91728 7.14174 0.999063 0.5107
1610607820601 2.09215 7.255 1.00071 0.172379
1610607820801 2.08103 7.40458 0.998887 0.756385
1610607823202 2.02997 7.65649 1.0006 0.705506
1610607823303 1.87352 7.70918 1.5109 6.75918e-17
1610607823603 2.23507 8.27697 0.99871 0.803138
1610607823702 2.24347 8.28281 1.001 0.00962757
1610607823802 2.2155 8.18795 0.99921 0.032926
1610607823901 2.25621 8.32141 1.37483 8.013e-20
1610607824504 2.10815 8.24009 1.00032 0.754999
1610607824607 2.1097 8.3615 0.999282 0.436475
1610607824902 2.09759 8.25085 0.999635 0.221581
1610607825002 2.1355 8.12068 1.23292 8.73277e-16
1610607825102 2.21189 8.29159 0.556766 0.0275116
1610607825704 2.07059 8.18084 0.998517 0.395696
1610607825804 1.9065 8.33243 0.655263 0.337095
1610607825902 1.85104 8.28737 1.80868 2.68946e-17
1610607826605 2.24434 8.30085 0.999231 0.199992
1610607827203 2.2044 8.5286 0.999877 0.915784
1610607827504 2.19153 8.37825 0.999771 0.99248
1610607828905 2.18901 8.55264 1.00068 0.853663
1610607829102 2.10034 8.3397 0.46424 3.55412e-18
1610607829303 2.08459 8.33483 0.998353 0.231777
1610607829503 2.18309 8.33833 0.999204 0.245552
1610607829602 2.16895 8.30706 1.00069 0.287279
1610607829703 2.12521 8.31676 0.99921 0.939863
1610607829904 2.11669 8.32764 1.00075 0.106158
1610607830002 2.14953 8.28103 0.998945 0.527423
1610607830102 2.16829 8.23096 1.00103 0.65435
1610607830603 2.12198 8.06189 1.00149 0.565716
1610607830803 2.14089 7.99678 0.999429 0.731514
1610607830903 2.1036 7.86831 0.121981 0.404056
1610607831001 2.01494 7.84484 1.0005 0.401005
1610607831103 2.00525 7.85253 0.999546 0.039106
1610607831297 2.02348 7.77701 0.999592 0.149143
1610607831403 2.15531 7.90854 1.00108 0.790749
1610607831503 2.12696 7.89081 1.00136 0.0662993
1610607831605 1.92787 7.60952 0.353206 5.36451e-17
1610607831805 2.03886 7.7099 1.00135 0.279658
1610607831905 2.04789 7.65189 0.999093 0.728198
1610607832003 2.08068 7.60939 1.00107 0.438569
1610607832103 2.02517 7.56591 1.00132 0.949487
1610607832203 2.11794 7.59383 0.999042 0.787517
1610607832304 2.09605 7.5534 1.00092 0.500246
1610607832403 2.01666 7.51194 1.00033 0.233784
1610607832802 2.1019 7.42557 0.999458 0.973913
1610607833003 1.94897 7.28938 1.00108 0.946053
1610607833103 2.11179 7.47562 1 0.572027
1610607833804 1.81118 6.95533 1.00051 0.209282
1610607833903 1.87829 6.92866 1.00059 0.760314
1610607838004 2.00941 6.36868 1.0005 0.427351
1610607838103 1.95506 6.31909 1.00298 0.800144
1610607838203 2.02901 6.4434 0.998752 0.402665
1610607838403 1.86535 6.34662 1.00005 0.37429
1610607838503 2.01202 6.3525 2.19601 0.0347203
1610607838603 1.95197 6.39878 0.36452 2.38508e-15
1610607839610 2.05484 6.21275 1.88478 0.929897
1610607839803 1.99662 6.20383 1.6215 0.704299
1610607840007 1.91245 6.39368 0.999494 0.587085
1610607840104 1.97627 6.26313 1.81219 0.600883
1610607840304 2.05502 6.2272 1.49834 0.00417566
1610607840403 2.13172 6.29754 1.37245 0.0270174
1610607840505 2.11981 6.24841 0.999233 0.53073
1610607840604 2.02582 6.26383 1.36381 0.235155
1610607840703 2.01392 6.29259 0.999874 0.230414
1610607840804 2.08543 6.26805 1.00012 0.0555166
1610607840905 2.11391 6.22435 1.00015 0.194779
1610607841504 1.8848 6.27079 1.90376 1.27571e-20
1610607841604 2.27369 6.21019 0.999686 0.934791
1610607841704 2.22899 6.23932 0.999757 0.472939
1610607841805 2.21548 6.16749 1.00042 0.050137
1610607841904 2.19983 6.17562 1.39913 0.252293
1610607842003 2.16622 6.14387 1.37148 0.199753
1610607842104 2.10766 6.16181 1.55853 0.00464029
1610607842203 2.15395 6.07245 1.5968 0.0272951
1610607842303 2.15 6.0402 -0.238693 6.75345e-20
1610607842403 2.16824 6.16091 1.0002 0.296854
1610607842504 2.19848 6.1572 1.00078 0.413356
1610607842705 2.20915 6.13289 0.997507 0.156531
1610607842804 2.16724 6.11313 1.00067 0.133187
1610607842904 2.15439 6.05242 1.00131 0.00322698
1610607843004 2.21019 6.06207 1.58836 0.116573
1610607843304 2.16977 6.04564 0.999688 0.738109
1610607843404 2.02984 6.07514 0.999584 0.452157
1610607843504 2.07363 6.00632 1.0012 0.128516
1610607843704 2.12138 5.96984 0.0940341 1.85001e-18
1610607843804 2.10916 5.94562 2.19255 0.785089
1610607843904 1.97566 5.91245 -0.260691 5.14815e-20
1610607844004 2.20958 5.83635 -0.118176 1.39916e-19
1610607844103 2.19115 5.88865 0.363675 0.913764
1610607844204 2.18221 5.8393 1 0.23021
1610607844310 2.1841 5.83081 1.10983 0.00195921
1610607844404 2.18431 5.8279 0.196719 0.180843
1610607844504 2.07566 5.73978 1.38041 0.00597342
1610607844606 2.05394 5.89264 0.810911 0.0136206
1610607844707 2.06126 5.90931 0.999673 0.397829
1610607844804 2.02064 5.85155 1 0.292818
1610607844905 2.0044 5.90941 0.522628 0.0205303
1610607845007 1.92446 5.87151 0.405159 0.0880845
1610607845304 1.98937 5.86082 1.00062 0.982284
1610607845404 2.03128 5.78059 1.45917 0.601954
1610607845599 1.96911 5.68833 0.611907 0.935181
1610607845804 2.01314 5.67799 1.00104 0.560734
1610607845904 2.05694 5.7089 0.999797 0.38745
1610607846005 1.98653 5.7176 0.780462 0.0481434
1610607846105 1.98834 5.66377 1.00094 0.47059
1610607846514 1.98254 5.61781 0.436199 0.578269
1610607846606 1.98175 5.62589 0.596234 0.47194
1610607846705 1.92833 5.60776 0.50985 0.426045
1610607846910 2.05367 5.69226 0.999425 0.239995
1610607847006 2.02642 5.62091 0.99992 0.401705
1610607847104 1.99965 5.65016 1.00044 0.133549
1610607847506 2.10865 5.63024 1.00179 0.333714
1610607848006 1.97448 5.57622 1.00095 0.7486
1610607848105 1.94223 5.47329 0.999013 0.56776
1610607848300 2.22959 5.71297 0.998979 0.794725
1610607849105 2.27557 5.71299 0.999126 0.205615
1610607849305 2.14001 5.45724 1.00097 0.340827
1610607849406 1.99661 5.39521 1.00049 0.0978339
1610607849506 1.69671 5.06124 0.999523 0.0949421
1610607849705 1.98889 5.25226 1.00076 0.304698
1610607850506 2.12526 5.27749 0.999385 0.819222
1610607850805 2.07357 5.24002 0.214737 0.398566
1610607850905 2.34458 5.15107 -0.519544 3.82088e-15
1610607851004 2.13328 5.18073 0.593445 0.179552
1610607851307 2.23901 5.28205 1.00012 0.166725
1610607851405 2.19736 5.34964 0.999717 0.266419
1610607851506 2.08986 5.22875 -0.00553457 1.62232e-15
1610607851705 1.95792 5.10411 -0.648853 2.41373e-17
1610607852208 2.35836 5.35137 1.00098 0.765905
1610607852706 2.39667 5.17086 0.999692 0.0172435
1610607853407 2.39846 5.32391 0.99998 0.0489749
1610607854807 2.2653 5.664 1.00077 0.701359
1610607855106 2.29236 5.78181 0.999406 0.535109
1610607855206 2.27562 5.73824 0.999644 0.805394
1610607855306 2.25251 5.72391 1.00066 0.825835
1610607856407 2.27287 5.79943 1.00001 0.959742
1610607856506 2.30647 5.84599 0.999483 0.6756
1610607856607 2.30718 5.84375 0.999451 0.88675
1610607856706 2.29873 5.88781 0.999383 0.256923
1610607856908 2.27639 5.84687 1.00045 0.842554
1610607857107 2.21537 6.0168 1.22599 0.0762089
1610607857407 2.3161 5.89412 0.999695 0.882609
1610607857807 2.30815 5.97325 1.00022 0.790126
1610607858006 2.48133 6.10062 1.0011 0.997628
1610607858106 2.46661 6.19978 0.999476 0.620676
1610607858406 2.07073 6.05844 0.999102 0.354624
1610607858606 2.32585 6.15853 2.06332 0.902902
1610607858706 2.38216 6.25084 1.00054 0.0587687
1610607858807 2.41654 6.28013 0.999611 0.0895282
1610607858907 2.42299 6.28487 0.999469 0.431736
1610607859106 2.35119 6.27131 0.0834333 2.96379e-18
1610607859206 2.22278 6.31371 1.72055 0.788646
1610607859306 2.14108 6.30206 0.626452 1.63364e-15
1610607859406 2.32428 6.50935 0.999944 0.577717
1610607859507 2.42588 6.62539 1.00145 0.853205
1610607859607 2.35213 6.62401 1.00109 0.590237
1610607859707 2.18866 6.42328 1.00047 0.57673
1610607860208 2.25709 6.82955 1.0007 0.0544704
1610607860308 2.35194 7.10602 0.999301 0.0704123
1610607860409 2.22005 6.7567 0.999945 0.884835
1610607863105 2.29334 7.71407 1.00065 0.882599
1610607863205 2.27907 7.58427 1.0003 0.965196
1610607863306 2.30222 7.60755 1.00086 0.799738
1610607863917 2.39529 8.39558 1.00084 0.230408
1610607864004 2.39451 8.40214 0.99968 0.511294
1610607864105 2.38656 8.00124 0.999533 0.808376
1610607864205 2.40002 8.64971 1.0012 0.723875
1610607864305 2.36801 8.1802 0.999515 0.139139
1610607864405 2.39709 8.67796 0.999456 0.510338
1610607864705 2.33582 7.73768 0.996912 0.887516
1610607864905 2.33312 7.75142 1.00068 0.731496
1610607865405 2.50763 7.82597 1.0002 0.673679
1610607865504 2.50717 7.83626 0.99979 0.921067
1610607865604 2.48042 7.85987 1.00028 0.429554
1610607868002 2.23364 8.35284 1.64013 3.02509e-16
1610607868702 2.48833 8.33786 0.999039 0.640503
1610607868802 2.43161 9.23663 0.999993 0.991026
1610607869401 2.45349 8.38226 0.999104 0.122739
1610607869901 2.46768 8.68621 1.03578 3.27514e-20
1610607869998 2.54466 8.761 0.99928 0.610432
1610607870099 2.57391 8.69431 1.00066 0.548232
1610607870199 2.12371 8.41117 2.06287 1.1915e-15
1610607870297 2.08638 8.32682 2.1431 2.9703e-18
1610607870397 2.33679 8.29248 1.50111 6.24971e-15
1610607870600 2.38175 8.35974 1.00099 0.249394
1610607871100 2.53351 8.13009 0.999475 0.384167
1610607871300 2.56612 8.07935 1.22271 1.39718e-16
1610607871399 2.59604 7.99412 1.00112 0.0315569
1610607871499 2.61578 8.18353 1.38419 8.00262e-21
1610607873301 1.5075 8.12218 -0.959006 4.41373e-16
1610607873399 2.24367 8.04568 1.35023 5.86266e-19
1610607873697 2.36718 7.99707 0.999036 0.816274
1610607873997 2.37032 7.93492 0.999556 0.592032
1610607874096 2.38342 7.92917 0.998768 0.536129
1610607874297 2.36939 7.83686 0.999393 0.699546
1610607874396 2.14333 7.82899 0.389568 3.46095e-16
1610607874494 2.13247 7.72306 1.66976 1.56922e-16
1610607874796 2.42816 7.70469 1.00122 0.391432
1610607874996 2.40669 8.46275 0.999418 0.379236
1610607875395 2.22029 7.56274 0.998501 0.0964596
1610607875494 2.17366 7.51414 1.34908 1.30993e-17
1610607875594 2.25105 7.46823 1.0001 0.0448262
1610607875696 2.16317 7.47444 1.00043 0.0820668
1610607875794 2.26934 7.42518 1.00006 0.768519
1610607875894 2.30345 7.39909 0.999224 0.74411
1610607876396 2.17078 7.2936 0.999181 0.632091
1610607876593 2.27711 7.12751 1.00028 0.974854
1610607876693 2.1603 7.07727 1.61579 0.842325
1610607876793 2.22329 7.10129 1.00055 0.967069
1610607877088 2.19541 7.01708 1.00035 0.831159
1610607878087 2.33677 7.3134 1.00048 0.00835389
1610607879192 2.17399 6.45173 0.999937 0.232323
1610607879292 2.32483 6.28804 0.537217 1.02744e-20
1610607879391 2.42431 6.13546 0.162543 3.72285e-18
1610607879491 2.50016 6.11196 -0.245597 3.33535e-20
1610607879592 2.511 6.21205 0.486486 2.00759e-15
1610607879694 2.3774 6.20016 0.371558 2.26205e-16
1610607879790 2.40114 6.24557 1.00004 0.195301
1610607879891 2.43372 6.207 1.72353 0.65731
1610607879990 2.45195 6.22533 0.108004 2.53147e-18
1610607880090 2.37019 6.09273 1.63954 0.000530142
1610607880190 2.27643 6.0758 1.96276 0.0374359
1610607880290 2.37519 6.25285 1.53109 0.553477
1610607880390 2.27215 6.17139 1.76494 0.515348
1610607880490 2.27299 6.09904 1.62874 0.544649
1610607880590 2.36792 6.04098 1.00059 0.0906974
1610607880893 2.27403 6.02989 1.00012 0.342869
1610607880991 2.25244 5.86611 0.999681 0.0715319
1610607881190 2.34272 5.88941 0.505848 2.58646e-20
1610607881290 2.29023 5.88614 0.999839 0.0110926
1610607881390 2.24556 5.98526 -0.119229 2.57753e-17
1610607881489 2.22 5.73674 1.00033 0.105562
1610607881591 2.22793 5.68662 1.00051 0.664847
1610607881690 2.14907 5.58152 1.0007 0.265047
1610607881789 2.16656 5.6187 0.688233 1.35325e-20
1610607881889 2.20894 5.68352 0.37143 1.20005e-17
1610607881989 2.29984 5.70812 0.649246 0.330722
1610607882089 2.20135 5.68502 1.77029 0.175216
1610607882188 2.13269 5.67941 0.0536609 9.8993e-20
1610607882289 2.29948 5.67494 1.68314 0.000352079
1610607882489 2.33328 5.64916 0.517428 0.125888
1610607882588 2.20058 5.5993 2.0134 0.238853
1610607882688 2.31844 5.67996 0.444592 1.42287e-16
1610607882788 2.19606 5.61965 0.172376 3.64049e-19
1610607882888 2.52159 5.72366 0.99933 0.360757
1610607883288 2.33297 5.55342 2.14286 0.688414
1610607883388 2.34123 5.60302 2.09082 0.450917
1610607883488 2.35141 5.51365 -0.05964 0.306038
1610607883687 2.48883 5.6303 0.350735 4.21657e-17
1610607883787 2.37811 5.50058 0.452765 0.760864
1610607883888 2.35555 5.50028 0.274189 0.770403
1610607885887 2.19146 5.10279 0.999798 0.0929203
1610607885987 1.93812 5.0457 -0.0171443 3.47899e-16
1610607886087 2.11019 5.02182 0.315507 2.2666e-21
1610607886387 2.10794 5.04834 0.548429 0.0850886
1610607886490 2.06739 4.90051 0.314499 0.304238
1610607886589 2.12886 4.9161 0.13089 0.239993
1610607886685 2.00146 4.97103 0.00727156 5.87038e-17
1610607888284 2.47333 4.9269 0.0745777 1.02848e-18
1610607888387 2.30294 4.94077 -0.144602 3.66598e-16
1610607888484 2.4486 4.71635 0.509123 0.00232807
1610607888985 2.47641 4.75017 0.999082 0.091147
1610607889084 2.53985 4.78036 0.999686 0.602279
1610607889791 2.54976 5.03756 0.999997 0.192205
1610607891683 2.49791 5.77067 1.00033 0.0649811
1610607891782 2.3162 5.80365 -0.0108013 1.07196e-15
1610607891882 2.44301 5.67772 1.00131 0.456492
1610607891982 2.45476 5.80689 0.999688 0.151926
1610607892183 2.46405 5.817 1.00028 0.183041
1610607892382 2.50114 5.77652 1.00077 0.443629
1610607892483 2.55417 5.91699 0.999506 0.849316
1610607892682 2.61702 5.97939 0.451724 2.85941e-17
1610607892782 2.55089 5.97142 0.999412 0.00275484
1610607892882 2.49559 5.92087 0.999138 0.976011
1610607892982 2.32256 5.75433 0.378786 0.387494
1610607893081 2.55122 6.03547 1.00047 0.128341
1610607893181 2.5479 6.11064 0.978517 1.17074e-20
1610607893281 2.1552 5.7902 0.922853 3.87635e-20
1610607893381 2.40747 6.20044 1.00108 0.10294
1610607893481 2.25884 5.98975 1.00039 0.729537
1610607893581 2.30851 6.30462 2.1396 1.07306e-15
1610607893681 2.40741 6.19241 1.6028 0.807975
1610607893781 2.14071 6.40802 -0.401662 1.94738e-19
1610607893882 2.37153 6.38099 1.00003 0.188856
1610607893981 2.59281 6.06763 -0.76354 1.83234e-15
1610607894081 2.29837 6.29585 1.38607 0.060841
1610607894181 2.27448 6.31029 0.999626 0.0153843
1610607894381 2.20217 6.35484 1.46942 0.00130597
1610607894480 2.32383 6.40269 0.999357 0.362791
1610607894581 2.37923 6.34791 1.18857 0.817193
1610607894775 2.56042 6.66771 1.00111 0.778862
1610607894882 2.46334 6.81752 1.00111 0.00102164
1610607895081 2.29698 6.67718 0.0350142 1.08254e-19
1610607895180 2.45598 6.81082 0.998996 1.65032e-05
1610607895281 2.43371 6.76852 0.999518 0.205741
1610607896081 2.4727 6.99312 1.00143 0.386966
1610607896280 2.49438 7.09401 1.00081 0.808912
1610607896480 2.54653 7.14909 1.00023 0.732606
1610607896580 2.49821 7.17835 0.99871 0.770466
1610607896680 2.46961 7.17425 0.999858 0.681959
1610607896780 2.50543 7.25101 1.00049 0.377232
1610607896880 2.50872 7.25744 1.00062 0.348823
1610607896979 2.48962 7.23451 0.998543 0.173755
1610607897079 2.50223 7.46302 1.54252 1.14753e-21
1610607897179 2.49818 7.579 0.865425 3.4827e-19
1610607897279 2.48766 7.3444 0.999728 0.157831
1610607897379 2.49299 7.55027 1.00079 0.08705
1610607897480 2.48634 7.67676 1.10211 1.29329e-17
1610607897580 2.50358 7.61354 1.00128 0.00970628
1610607897679 2.56083 7.62629 1.00014 0.113818
1610607897884 2.56847 7.55801 1.00029 0.71722
1610607897982 2.51587 7.63004 1.00074 0.238128
1610607898079 2.55409 7.59691 1.00019 0.323727
1610607898273 2.52385 7.67916 1.00258 0.662581
1610607898381 2.48457 7.61269 0.999221 0.815583
1610607898579 2.54512 7.63122 0.998205 0.557938
1610607898680 2.62653 7.65316 0.999697 0.94573
1610607899278 2.55601 7.89436 0.998977 0.868711
1610607899378 2.60197 7.80659 1.00209 0.306543
1610607899479 2.6278 7.873 0.999618 0.469798
1610607899579 2.60243 7.82677 0.999654 0.280259
1610607899680 2.58881 7.88837 0.999793 0.166112
1610607899779 2.59435 7.80468 0.999635 0.107431
1610607899879 2.61168 7.88535 0.999875 0.0767765
1610607900079 2.5873 7.88138 1.28229 5.52091e-17
1610607900178 2.59026 7.82338 0.998462 0.000692498
1610607900279 2.61313 7.85395 1.45947 1.55286e-20
1610607900378 2.73508 7.88635 1.00069 0.347647
1610607900479 2.73522 7.87288 0.99978 0.127556
1610607900879 2.71417 7.96828 0.99981 0.819772
1610607900979 2.73949 7.97371 0.998799 0.533508
1610607902378 2.63264 8.3714 1.27802 3.04602e-17
1610607902479 2.56189 8.48425 0.999629 0.00796869
1610607902576 2.55623 8.1658 1.24295 3.11868e-17
1610607902877 2.69276 8.49667 1.00147 0.388881
1610607902976 2.69456 8.49402 1.0008 0.547256
1610607903276 2.76649 9.02995 0.999386 0.433231
1610607903476 2.75389 8.58809 0.999681 0.238814
1610607903676 2.70124 8.54632 0.999603 0.301399
1610607903778 2.65949 8.60816 0.999012 0.0543543
1610607903875 2.77198 8.46108 1.33814 1.07568e-20
1610607904177 2.87848 9.49501 0.999968 0.460899
1610607904576 2.87922 8.60552 1.0066 0.917476
1610607905177 2.84674 8.9282 1.00042 0.497239
1610607905376 2.74025 8.08684 0.999476 0.811747
1610607905676 2.83086 8.16138 0.999392 0.565015
1610607905774 2.87971 8.08158 1.00034 0.899357
1610607905875 2.94922 8.03979 0.997509 0.105339
1610607906376 2.96174 8.16009 1.00055 0.303701
1610607906675 2.85315 8.07166 0.999332 0.542049
1610607906774 2.88722 8.22894 0.9991 0.210425
1610607906874 2.86165 8.27431 1.0006 0.425083
1610607906974 2.72437 8.21727 1.00022 0.889429
1610607907574 2.58633 8.11691 1.00012 0.872798
1610607907681 2.58094 8.10704 0.998829 0.932257
1610607907776 2.56378 8.15864 1.00064 0.997511
1610607909172 2.60372 8.03301 1.0004 0.627095
1610607909373 2.64397 8.00181 0.999457 0.534368
1610607911372 2.69686 7.62223 0.999559 0.597836
1610607911672 2.68418 7.56061 0.999461 0.904102
1610607911879 2.53174 7.51167 1.00042 0.809763
1610607911971 2.60302 7.46181 0.999656 0.459401
1610607912171 2.59564 7.47503 0.999119 0.560062
1610607916668 2.49666 6.14205 1.00044 0.838055
1610607917069 2.75235 5.89542 0.0176763 1.99131e-15
1610607917167 2.86006 5.976 0.746144 1.39056e-18
1610607917268 2.88056 5.84038 -0.244696 1.88526e-16
1610607917367 2.91348 6.00743 0.999346 0.145079
1610607917468 2.71952 6.05162 1.00079 0.867811
1610607917868 2.7094 5.47567 -1.00526 3.97924e-19
1610607917966 2.74693 5.84591 1.00138 0.280199
1610607918767 2.38458 5.6315 0.99668 0.890417
1610607918866 2.51318 5.54825 0.999627 0.184694
1610607918967 2.424 5.54807 0.343279 1.14242e-17
1610607919066 2.53724 5.45054 0.999315 0.569037
1610607920666 2.50995 5.44266 -0.187295 2.12163e-14
1610607921565 2.41446 5.0023 -0.158648 0.518411
1610607921867 2.37847 4.95866 2.25066 2.03279e-18
1610607921965 2.55181 4.88846 1.0001 0.0361478
1610607922265 2.43465 4.8917 0.148715 6.80224e-15
1610607922365 2.62807 4.78473 0.998975 0.88926
1610607922765 2.77674 4.79038 1.00021 0.358841
1610607922865 2.71147 4.91938 0.999348 0.324051
1610607923267 2.76983 4.76515 0.999621 0.950223
1610607923364 2.76806 4.52353 2.41974 4.60341e-17
1610607923463 2.80361 4.84942 0.999676 0.482006
1610607923564 2.8326 4.7961 0.554932 0.00107147
1610607923765 2.786 4.8932 0.99988 0.128234
1610607924064 2.92528 4.96585 0.999718 0.039146
1610607924164 2.97533 5.07833 0.00744856 1.90052e-19
1610607926363 2.75935 5.48655 0.999938 0.106973
1610607926463 2.77351 5.47448 1.00047 0.502831
1610607926563 2.81534 5.48221 0.999608 0.251707
1610607926663 2.74276 5.49967 1.0005 0.296413
1610607926763 2.70718 5.58152 1.0012 0.990531
1610607926863 2.66611 5.52211 0.999908 0.424992
1610607926962 2.73548 5.53087 1.00043 0.0635602
1610607927064 2.7118 5.5435 0.99999 0.522605
1610607927163 2.73839 5.51291 1.00006 0.558035
1610607927263 2.71022 5.49433 0.99969 0.327826
1610607927362 2.72796 5.49958 1.00019 0.591022
1610607927562 2.68815 5.45319 0.999719 0.659234
1610607928662 2.82594 5.43941 0.999381 0.466482
1610607928762 2.95613 5.5037 0.852243 0.0244262
1610607928861 3.00147 5.43679 0.615215 2.84341e-19
1610607928962 3.02797 5.56233 0.514668 1.18879e-20
1610607929062 2.9541 5.50381 1.00055 0.315485
1610607929662 3.15185 5.38067 -0.144462 4.08647e-20
1610607930262 2.91252 5.08846 1.00049 0.644739
1610607930361 2.90028 5.05647 0.999785 0.174023
1610607930461 3.23584 4.95717 2.80884 3.57005e-16
1610607930760 3.123 5.06231 -0.306897 6.63642e-16
1610607934059 2.51488 4.88556 0.591591 2.17619e-15
1610607934359 2.561 4.89617 0.999992 0.50966
1610607934459 2.4892 4.93618 0.862614 2.51509e-16
1610607934558 2.53278 4.86806 0.999823 0.35096
1610607935559 2.42439 5.04878 0.999974 9.11417e-05
1610607935658 2.45797 5.09579 0.999978 0.437762
1610607935758 2.37348 5.14292 0.999886 0.0372688
1610607935858 2.40467 5.12994 1.00011 0.111798
1610607935962 2.4385 5.09817 0.999672 0.569058
1610607936062 2.44284 5.11387 0.999783 0.798964
1610607936159 2.37989 5.19456 1.00026 0.901906
1610607936261 2.38617 5.1223 0.999317 0.550535
1610607936861 2.2617 5.17035 0.27317 1.93364e-15
1610607936957 2.33357 5.18985 0.161708 0.200522
1610607937059 2.23529 5.16554 0.314769 3.37345e-15
1610607937157 2.29379 5.09322 0.999845 0.111776
1610607937257 2.2799 5.04938 1.00007 0.48716
1610607937358 2.19619 5.05574 1.00007 0.0886379
1610607938057 2.04286 4.99644 0.999929 0.755613
1610607938157 2.12504 5.09945 1.00007 0.492305
1610607938257 2.16004 5.13091 0.999388 0.722024
1610607938357 2.13401 5.19229 0.734339 7.52175e-17
1610607938457 2.15174 5.21208 0.882233 4.06504e-18
1610607938557 2.19603 5.25033 0.681489 2.47201e-18
1610607938857 2.16962 5.15906 0.715298 0.162132
1610607938957 2.11635 5.19958 0.542796 0.0139918
1610607939056 2.15858 5.16448 1.00004 0.0100496
1610607939157 2.1523 5.15275 1.00056 0.505937
1610607939257 2.21538 5.71184 2.63174 1.8542e-17
1610607939558 2.26046 5.29247 1.00012 0.0446751
1610607939657 2.22994 5.24218 1.00006 0.146387
1610607939956 2.15969 5.39808 1.00037 0.464061
1610607940056 2.23048 5.36199 1.00041 0.185293
1610607940157 2.30964 5.39318 1.00026 0.872169
1610607940457 2.17749 5.38735 1.00023 0.198341
1610607940656 2.20937 5.35088 1.00073 0.671103
1610607940756 2.21095 5.34216 1.00109 0.569748
1610607940956 2.24788 5.20727 0.999666 0.996591
1610607941056 2.23168 5.15732 0.999962 0.303747
1610607941256 2.2224 5.17248 1.00014 0.070524
1610607941556 2.17973 5.18057 0.999801 3.92201e-05
1610607942156 2.08889 5.04794 0.0215624 6.86816e-16
1610607942255 2.26802 5.11694 0.818375 5.3032e-21
1610607942457 1.98745 5.20297 0.999123 0.251619
1610607942555 2.08548 5.09319 0.460471 1.45712e-20
1610607942655 2.00849 5.2479 -0.0695317 2.82502e-17
1610607942856 2.02887 5.09292 0.999851 0.461716
1610607942956 2.29165 4.79159 -0.0281878 4.24887e-17
1610607943055 2.10731 4.96183 0.348591 3.21376e-22
1610607943155 2.05542 4.99399 0.539876 1.25784e-19
1610607943255 2.16873 4.98246 1.00035 0.0332226
1610607943355 2.49633 4.50808 2.47485 9.65749e-17
1610607943454 2.31665 4.80576 0.0438884 1.8678e-16
1610607943555 2.00283 4.98677 0.0445935 0.0745137
1610607944055 2.12853 4.93575 0.418142 0.0401046
1610607944154 2.18426 4.88326 0.0533779 0.0677274
1610607944254 2.18351 4.87156 0.161017 0.0564194
1610607944354 2.28061 4.87934 1.00049 0.0482371
1610607944456 2.158 4.86478 0.56123 3.90213e-20
1610607944553 2.60427 4.35512 2.59785 9.97616e-15
1610607944757 2.07605 4.87319 0.628296 5.64891e-19
1610607944956 2.25074 4.78663 -0.435239 0.0964371
1610607945154 2.43599 4.84981 0.381227 0.0131283
1610607945253 2.23599 4.94229 -0.115411 0.774309
1610607945353 2.30378 4.82048 1.6324 4.03615e-17
1610607945853 2.48163 4.75866 0.999151 0.205887
1610607945953 2.57631 4.69616 1.00091 0.726549
1610607946155 2.60786 4.72757 0.756016 0.91342
1610607946254 2.52437 4.80039 0.999676 0.808844
1610607946453 2.55173 4.71801 0.999022 0.0313855
1610607946554 2.5246 4.7146 0.999736 0.0551486
1610607946654 2.57194 4.74399 0.999837 0.178042
1610607947253 2.51564 4.7262 -0.0333312 0.408777
1610607947452 2.46413 4.79142 0.0840148 0.143215
1610607947552 2.31443 4.86023 1.00016 0.206785
1610607947653 2.43455 4.78767 1.86303 5.11425e-17
1610607947754 2.37953 4.86655 1.37341 7.88208e-18
1610607947854 2.388 4.89465 1.00105 0.00578086
1610607947954 2.45914 4.83723 1.60451 5.13551e-18
1610607949853 2.65591 4.88696 0.999646 0.241771
1610607950553 2.76753 5.10055 0.999735 0.435758
1610607950747 2.81564 5.1266 0.999689 0.750854
1610607951557 2.68592 5.40945 0.644743 2.14143e-19
1610607951651 2.65613 5.46923 0.219325 3.63648e-18
1610607953252 2.3761 5.47292 1.00217 0.00934846
1610607953451 2.29781 5.30809 1.00014 0.122511
1610607953952 2.44844 5.59782 1.0002 0.0985097
1610607954051 2.3798 5.5956 0.999705 0.168423
1610607954151 2.42158 5.63145 1.00008 0.587026
1610607954251 2.40173 5.57141 0.999794 0.51994
1610607954451 2.36626 5.42143 1.00023 0.846222
1610607955251 2.49762 5.75855 0.999275 0.388907
1610607955350 2.45792 5.78833 0.769481 0.0155972
1610607955453 2.43498 5.68441 1.00134 0.751253
1610607955658 2.52877 5.75161 0.999811 0.324092
1610607955750 2.44988 5.63848 1.00022 0.839452
1610607955853 2.49317 5.69964 0.999243 0.783509
1610607955951 2.59788 5.77133 1.0003 0.728373
1610607956052 2.52949 5.72119 1.00006 0.273366
1610607956551 2.73287 5.86016 -0.163962 7.00493e-17
1610607956649 2.74891 5.81774 2.0878 0.0801121
1610607956749 2.55873 5.87439 1.00009 0.841277
1610607957948 2.77489 5.73196 0.999533 0.700447
1610607958049 2.78052 5.71286 0.998968 0.702813
1610607959149 2.78792 5.6561 1.00013 0.337841
1610607959349 2.75435 5.6402 0.99985 0.743138
1610607960249 2.94935 5.69346 0.999403 0.112852
1610607960348 2.99334 5.67455 1.00036 0.123827
1610607962148 2.81449 6.00867 0.99971 0.623216
1610607962548 2.74905 5.9549 0.998853 0.421519
1610607963948 2.70856 6.15868 0.999857 0.644152
1610607964047 2.76219 6.23028 1.00031 0.876321
1610607964447 2.81308 6.20919 0.999899 0.0920844
1610607964648 2.6232 6.22813 0.998705 0.883874
1610607964747 2.6342 6.22083 0.999445 0.287176
1610607964847 2.58806 6.18961 1.00009 0.0224982
1610607964947 2.59972 6.21456 0.99947 0.0590963
1610607965147 2.73124 6.18884 0.99994 0.675693
1610607965647 2.65099 6.42047 1.00057 0.358667
1610607966347 2.75774 6.3782 1.00016 0.667534
1610607967047 2.63463 6.57553 1.00057 0.243699
1610607967247 2.71628 7.01379 0.23015 2.93557e-16
1610607967447 2.76086 6.7381 1.00062 0.679087
1610607967547 2.73105 6.73296 0.999734 0.237502
1610607967646 2.79173 6.65626 1.00029 0.85599
1610607968646 2.83751 7.16245 0.999452 0.387784
1610607968746 2.84289 7.25801 1.00111 0.10859
1610607971148 2.91421 8.62104 1.00205 0.0403527
1610607971246 2.90845 8.6284 0.998648 0.0270465
1610607971349 2.75771 7.74037 0.999128 0.447659
1610607971445 2.84159 7.76134 1.02077 0.377755
1610607971546 2.85902 7.90031 1.02439 0.00985052
1610607971645 2.87267 8.33364 0.982295 1.81006e-05
1610607971745 2.8836 8.51133 1.01673 0.0107429
1610607972445 2.89608 7.90389 1.00074 0.638668
1610607972645 2.90414 8.31877 0.998207 0.00812759
1610607972850 2.93177 8.12223 1.67206 1.30819e-18
1610607973345 3.0625 8.49992 0.998424 0.0108968
1610607973646 3.08767 8.36242 1.53012 1.47492e-15
1610607973746 2.99328 8.47709 1.00252 0.524574
1610607973846 2.95028 8.49014 0.999539 0.18724
1610607975045 2.99088 8.69666 0.999278 0.628704
1610607976346 2.71686 8.23368 0.999208 0.531797
1610607976544 2.69107 8.24198 1.00005 0.633491
1610607977745 2.45931 8.11733 0.999814 0.591784
1610607977845 1.97794 8.52496 -0.505724 3.87805e-18
1610607977945 1.78875 8.40345 -0.708811 8.68571e-20
1610607978245 2.3941 8.28139 0.998847 0.956657
1610607978343 2.28236 8.14292 0.999361 0.33701
1610607978443 2.26063 7.96637 1.00088 0.592993
1610607980143 1.66858 8.05368 0.237319 1.2419e-17
1610607980241 1.3815 8.11005 -0.172452 5.40866e-20
1610607980343 1.28345 8.09318 -0.381748 3.41501e-15
1610607980443 1.28094 8.10268 -0.388617 3.5102e-15
1610607980843 1.6924 8.17505 1.16384 1.06392e-19
1610607980943 0.766 8.03937 -0.781751 3.36157e-17
1610607981043 1.2595 7.93568 -0.239198 2.20625e-15
1610607981141 1.55915 7.99778 1.43607 7.3905e-16
1610607981241 1.53782 8.05168 1.73381 2.5668e-15
1610607981341 1.55 8.01328 0.454869 3.43869e-16
1610607981440 1.46897 8.04872 1.89054 1.14343e-16
1610607981941 1.7815 8.02028 1.00212 0.994983
1610607982444 1.69248 7.91157 0.998312 0.728419
1610607983643 1.71278 7.87265 0.999088 0.517502
1610607983741 1.88978 7.96446 1.00043 0.352224
1610607984342 1.90805 8.0294 1.00099 0.603455
1610607984742 2.00598 8.20604 0.999361 0.00305327
1610607984942 1.92884 8.08566 0.287893 0.0886998
1610607985039 1.88288 8.01341 0.435767 0.860489
1610607985140 1.8356 8.0914 0.364935 0.000842223
1610607985641 1.55508 8.06596 -0.441379 5.20329e-15
1610607985739 2.04765 8.44583 1.00061 0.137825
1610607985841 1.34622 8.06111 -0.661854 5.40042e-16
1610607986542 2.12591 8.35776 1.00051 0.689771
1610607986642 2.10068 8.68647 1.0012 0.600624
1610607986741 2.14051 8.61637 1.00134 0.537454
1610607988442 2.07578 8.82782 1.00039 0.511845
1610607988541 2.09397 8.69382 1.00311 0.293084
1610607989842 1.94727 8.48329 1.00016 0.589916
1610607989941 1.8788 8.36091 0.379569 1.56498e-15
1610607990039 1.90582 8.3574 0.631929 1.83157e-19
1610607990541 1.92599 8.16958 0.62423 0.543158
1610607990739 1.95761 8.1723 0.998842 0.409082
1610607990839 2.03908 8.18623 1.00122 0.912324
1610607991738 1.8641 7.84096 0.448397 0.0671355
1610607991838 1.84591 7.74986 0.999078 0.0677516
1610607991938 1.87368 7.82047 0.474189 0.832282
1610607992038 1.81621 7.79516 1.5072 1.27051e-20
1610607992138 1.9612 7.73134 0.99963 0.109395
1610607992238 1.94034 7.67481 0.619653 0.288102
1610607992338 1.92431 7.65294 1.00089 0.149836
1610607992641 1.92869 7.71283 0.999706 0.904504
1610607993739 1.37418 7.31166 0.996739 0.135798
1610607994137 1.56522 7.53138 0.999122 0.839303
1610607994338 1.46862 7.54673 1.00096 0.394814
1610607994441 1.42697 7.64644 0.999749 0.110851
1610607994537 1.52066 7.60134 0.998562 0.841157
1610607996040 1.29344 8.05387 0.781413 1.67556e-17
1610607996136 1.22224 8.10523 0.383737 3.91778e-17
1610607998538 1.34129 7.76746 0.999519 0.645742
1610607998637 1.305 7.77232 0.997333 0.991564
1610607998737 1.26477 7.70082 0.999805 0.780662
1610607999641 0.410833 7.5395 0.0516951 2.00892e-17
1610607999741 0.41784 7.55996 0.0570007 2.63638e-17
1610607999838 1.22216 8.02393 0.998656 0.9265
1610608000139 1.52294 8.31645 0.888122 1.56289e-24
1610608000340 1.60879 8.24511 1.00033 0.476641
1610608000438 1.53834 8.17935 0.999127 0.276214
1610608000638 1.56253 8.1723 0.999945 0.689831
1610608000838 1.52832 8.08591 1.00051 0.504738
1610608001039 1.4887 8.07314 1.00014 0.920064
1610608001138 1.50857 8.1864 1.00112 0.736876
1610608001339 1.55369 8.16486 0.999041 0.814606
1610608001738 2.02175 8.56723 -1.05831 1.01213e-14
1610608001838 1.574 8.27732 0.814851 1.33724e-20
1610608002136 2.10356 8.42514 -1.58374 1.89742e-16
1610608002638 1.40542 8.36241 1.00084 0.980386
1610608003238 1.08169 8.0438 0.998943 0.250829
1610608003337 1.12423 8.12643 1.00122 0.716692
1610608003528 0.595167 7.6887 0.468446 1.20713e-19
1610608004138 0.492361 7.64716 0.245981 1.48912e-15
1610608004436 1.2602 7.99332 0.998712 0.802058
1610608004636 0.996657 7.73059 0.99868 0.0887521
1610608004836 1.40544 7.85761 1.00109 0.136393
1610608008635 1.18531 7.22828 0.999701 0.727104
1610608008735 1.20101 7.40231 0.999411 0.332098
1610608009535 1.11358 7.15694 1.00045 0.534699
1610608010036 1.27282 7.47918 1.00089 0.185326
1610608010136 1.13746 7.25403 1.00036 0.421148
1610608010436 0.902041 6.95355 1.00075 0.0438779
1610608011135 1.19288 7.51493 1.00037 0.610239
1610608011935 1.24203 7.58138 0.998754 0.676989
1610608012034 1.21513 7.59041 1.00007 0.522607
1610608012134 1.25298 7.51035 1.00036 0.682589
1610608012235 1.22029 8.02862 1.00222 0.000414387
1610608012334 1.23627 7.76627 0.999016 0.0165584
1610608012435 1.11703 7.81056 1.00081 0.835367
1610608012734 1.19601 7.73699 1.00062 0.238579
1610608012834 1.14201 7.71662 0.999624 0.480794
1610608013034 1.06491 7.77482 1.00069 0.684928
1610608013134 1.10283 7.84108 0.998988 0.130528
1610608013233 1.14271 7.90414 0.998753 0.567657
1610608013534 1.26106 8.11587 0.999106 0.707451
1610608013634 1.24749 8.16805 1.00086 0.443062
1610608013735 1.27492 8.28165 0.999753 0.46405
1610608013835 1.27891 8.2707 0.998844 0.253384
1610608014033 1.25654 8.19123 0.998233 0.45375
1610608014137 1.2886 8.29864 1.00084 0.648981
1610608014234 1.22064 8.26206 0.998627 0.728303
1610608014334 1.25326 8.26491 0.998704 0.73497
1610608014434 1.23875 8.25119 0.998928 0.612824
1610608014534 1.26411 8.21122 1.00025 0.0737871
1610608014633 1.2465 8.21541 1.00068 0.175261
1610608014733 1.21738 8.16589 0.999646 0.389962
1610608014835 1.23812 8.22223 0.471316 0.0720796
1610608015033 1.23614 8.29592 0.758128 3.02575e-17
1610608015138 1.19192 8.18931 0.999746 0.233142
1610608015438 0.997878 8.18013 0.999918 0.245563
1610608015534 0.93517 8.12841 1.00284 0.00639872
1610608015634 0.887398 8.02015 0.731045 3.59813e-21
1610608016134 1.3109 8.42854 0.999553 0.582085
1610608016235 1.28368 8.48676 0.999521 0.531829
1610608016933 1.34236 8.55895 0.999148 0.420317
1610608017033 1.29686 8.64747 1.00203 0.531216
1610608017934 1.31878 8.61735 0.999465 0.731033
1610608018934 1.18141 8.74611 0.999189 0.392032
1610608019434 1.18417 8.67166 0.999167 0.985224
1610608021432 0.854256 8.11754 1.00125 0.0651749
1610608021532 1.0543 8.03788 0.999469 0.346563
1610608021733 1.08715 8.00076 0.999384 0.76282
1610608021833 1.09473 8.01266 0.999532 0.777871
1610608022033 1.10259 7.90668 0.99932 0.287625
1610608022332 0.91688 7.96352 0.999032 0.396041
1610608022431 0.838914 7.95875 1.00102 0.480157
1610608023825 0.959887 7.79688 0.999519 0.86096
1610608023932 0.997749 7.88933 0.998825 0.749922
1610608024033 0.94131 7.80409 1.00129 0.381393
1610608024132 0.956664 7.62377 0.999299 0.542241
1610608024334 0.948284 7.639 1.00118 0.684483
1610608024432 1.08363 7.69212 0.99792 0.609468
1610608024533 0.987612 7.78194 1.00204 0.0452435
1610608024633 1.05034 7.83307 1.0007 0.096193
1610608024733 0.98862 7.92312 0.781441 5.5258e-20
1610608024832 1.01456 8.10722 0.769234 1.92213e-19
1610608026131 0.632054 7.05614 1.00082 0.0775237
1610608026831 0.782382 7.19373 1.00022 0.548659
1610608026933 0.830282 7.20052 1.0011 0.326523
1610608027030 0.949029 7.31351 1.00012 0.254645
1610608027132 0.918761 7.17948 0.998812 0.857699
1610608028131 0.410795 6.85856 0.999666 0.119606
1610608028937 0.0271875 6.76842 0.604871 3.67942e-16
1610608029232 0.257237 7.01657 0.998967 0.00049788
1610608029330 0.779349 7.43368 0.999406 0.277833
1610608029431 0.859992 7.96858 0.411764 7.67772e-19
1610608029732 0.827595 7.81649 0.999229 0.0459269
1610608030032 1.02564 8.05782 0.998962 0.165176
1610608030232 0.860175 7.76601 0.689125 1.9075e-16
1610608030431 0.932247 7.49579 0.998708 0.783597
1610608030730 0.932779 7.63559 0.99913 0.447652
1610608030830 0.867947 7.68794 1.00201 0.552238
1610608030930 0.920777 8.13092 1.00086 0.0225463
1610608031030 0.872445 8.17596 0.822939 9.15035e-18
1610608031129 0.882938 7.97023 1.00057 1.56524e-05
1610608031231 0.92188 7.84329 0.320846 0.265056
1610608031329 0.919476 7.82925 0.489791 1.50766e-18
1610608031428 0.771153 7.67268 0.998581 0.485997
1610608031529 0.819778 7.73739 0.999011 0.465876
1610608031632 1.09648 8.09392 1.44569 3.57626e-18
1610608031740 1.07991 8.14262 1.00111 0.66543
1610608031935 0.986365 8.13429 1.00044 0.915105
1610608032030 0.958828 8.18696 0.998354 0.0300338
1610608032131 1.00799 8.15758 1.00129 0.110544
1610608032231 0.997938 8.19292 1.00115 0.0327342
1610608032329 0.966447 8.12781 1.00077 0.187937
1610608032529 0.997239 8.20828 1.00045 0.105043
1610608032630 0.973531 8.15567 0.996718 0.65769
1610608032730 1.17683 8.2435 -0.436033 1.05242e-17
1610608033029 1.02489 8.30572 0.351982 3.89325e-15
1610608033230 0.918435 8.36256 1.00146 0.390419
1610608033328 0.976051 8.23729 0.429811 5.62142e-17
1610608033429 0.900242 8.23423 0.495053 1.16057e-16
1610608033530 0.865647 8.23645 0.556301 4.426e-16
1610608033630 0.784808 8.16116 0.560904 4.65579e-17
1610608033732 0.725287 8.19024 0.552194 6.77721e-17
1610608033829 0.688271 8.32238 0.304619 5.98468e-19
1610608034930 1.0241 8.58468 1.00125 0.734968
1610608035138 1.02783 8.45716 0.999551 0.661884
1610608035431 1.02338 8.68963 0.999246 0.625206
1610608035530 1.04321 8.7666 0.999086 0.680141
1610608035732 1.04243 8.67395 0.998926 0.648667
1610608036230 1.04606 8.71417 0.999743 0.378564
1610608036730 1.00288 8.79517 1.00146 0.903426
1610608036932 1.0508 8.28275 0.999096 0.75289
1610608037529 0.999525 8.81653 0.998745 0.207787
1610608038431 1.00859 8.94818 1.00078 0.0365835
1610608039430 0.838209 9.04862 0.999332 0.921698
1610608039631 0.845328 8.58809 1.00073 0.89687
1610608039829 0.857643 8.30856 0.999155 0.00410173
1610608040732 0.728942 8.26345 1.49009 1.43398e-19
1610608041830 -0.125556 8.11595 -0.0139379 1.21754e-15
1610608041934 -0.0456597 8.11164 0.0263093 2.22695e-15
1610608042131 -0.289278 8.05897 -0.0325824 3.70721e-16
1610608042629 0.760068 8.18292 1.00013 0.690146
1610608042729 0.693985 8.17785 0.999308 0.386366
1610608042829 0.714642 8.09458 0.999959 0.316656
1610608042929 0.539688 8.00325 1.88407 4.62003e-16
1610608043329 0.855967 8.15607 0.999157 0.0502184
1610608043428 0.75003 8.23437 0.999497 0.889216
1610608043927 0.696341 8.09502 0.956468 0.0123612
1610608044027 0.641691 8.04522 1.0004 0.521675
1610608044127 0.725843 8.04568 0.998983 0.2288
1610608044729 0.785642 7.71133 1.00038 0.440351
1610608045329 0.825961 7.96108 0.999657 0.842499
1610608045628 0.743341 7.86615 1.00075 0.0459716
1610608045928 0.734868 8.05361 0.775719 4.02679e-20
1610608046026 0.647649 7.66746 0.99886 0.0260251
1610608046128 0.755474 7.73454 1.00193 0.47104
1610608046227 0.633766 7.53417 0.99917 0.326047
1610608046328 0.608185 7.54122 1.00019 0.396399
1610608046428 0.556458 7.46455 1.00021 0.793266
1610608046931 0.59791 7.52498 0.998329 0.414683
1610608047127 0.690436 7.53465 0.999256 0.175445
1610608047227 0.717444 7.6631 0.999133 0.306302
1610608047528 0.671235 7.69666 1.00058 0.918234
1610608047826 0.552848 7.37548 0.99832 0.785112
1610608047929 0.617719 7.31969 1.00111 0.349206
1610608048131 0.545726 7.18301 0.998835 0.689934
1610608048228 0.459891 6.91239 0.999105 0.910698
1610608048327 0.780695 7.44243 1.00055 0.18803
1610608048429 0.614471 7.10168 0.999946 0.73109
1610608048528 0.696056 7.20874 1.00002 0.201641
1610608048727 0.636115 7.18219 1.00097 0.163106
1610608048927 0.601777 6.92638 1.00146 0.857144
1610608049027 0.644339 6.94696 1.00069 0.978649
1610608049826 0.637275 6.98015 0.999537 0.611308
1610608050727 0.393826 7.106 0.998972 0.170282
1610608050926 0.462665 7.17458 1.00048 0.195256
1610608051027 0.615627 7.58569 1.00133 0.0179073
1610608052628 0.593743 7.33146 1.00022 0.459893
1610608053028 0.474261 7.74566 1.001 0.0737054
1610608053228 0.761331 8.57971 1.03805 0.0626786
1610608053326 0.837813 9.28094 1.00031 0.618932
1610608053728 0.669972 7.6794 1.00055 0.836276
1610608054931 0.690579 8.2386 0.945785 5.03855e-23
1610608055025 0.638801 8.10018 0.998897 0.393616
1610608055220 0.594158 7.83508 0.999293 0.321435
1610608055328 0.610444 8.39007 0.999389 0.00342431
1610608055528 0.597812 7.8328 0.999514 0.198844
1610608055627 0.506267 8.18202 0.999892 0.00844722
1610608055726 0.407859 8.67025 0.633962 1.22016e-20
1610608055927 0.10875 7.94527 0.528318 1.93628e-18
1610608056028 -0.183833 7.85621 0.57207 1.19973e-18
1610608057027 0.762961 8.36414 0.999701 0.176026
1610608057126 0.789576 8.33669 0.999468 0.196383
1610608057226 0.762615 8.46028 0.999462 0.319497
1610608057427 0.75713 9.05339 0.999758 0.317533
1610608057627 0.781553 8.99863 1.00121 0.921587
1610608058127 0.793386 9.01757 0.999659 0.725517
1610608058328 0.81572 8.90644 1.00102 0.494759
1610608058727 0.742331 8.91021 1.00239 0.497186
1610608058827 0.747738 8.95383 1.0008 0.396557
1610608059027 0.709544 8.76089 0.999647 0.15266
1610608059326 0.672243 8.7706 0.999972 0.0986041
1610608059426 0.624265 8.95655 1.00089 0.11015
1610608059627 0.489076 8.8387 0.998815 0.00649297
1610608059727 0.312389 8.8228 0.380995 2.57191e-15
1610608059824 -0.342 8.18725 -0.039 1.33793e-15
1610608059926 0.713673 8.45857 1.00056 0.783247
1610608060029 0.767298 9.08286 0.999804 0.492626
1610608060127 0.539843 9.16997 0.998854 0.318666
1610608060226 0.586064 9.27901 0.999392 0.617627
1610608060527 0.426673 8.98736 0.999125 0.0561617
1610608060626 0.577753 9.1085 0.99989 0.184395
1610608060726 0.333271 8.20885 1.00074 0.0155207
1610608060825 0.301099 8.82888 0.468268 2.96131e-19
1610608060926 0.341146 8.66433 1.57373 1.84628e-20
1610608061025 0.310166 8.23958 0.354107 7.70189e-19
1610608061124 0.0402536 7.90145 0.393815 2.28792e-20
1610608061224 0.544762 8.4295 0.999912 2.62221e-05
1610608061326 0.424857 8.41963 0.471235 1.02657e-20
1610608061426 0.4511 8.32116 0.640693 2.06189e-20
1610608061526 0.365052 8.27242 0.554796 2.05829e-16
1610608061626 0.426894 8.14806 0.693083 1.24238e-15
1610608061726 0.497243 8.49916 0.644751 1.02543e-16
1610608061827 0.48993 8.28872 0.652078 3.48623e-20
1610608062025 0.451299 7.8935 1.46402 4.06658e-21
1610608062124 0.563169 8.49197 0.307911 5.88223e-19
1610608062226 0.549099 8.29046 0.506699 4.27534e-20
1610608062326 0.52295 8.13996 0.802425 1.90668e-19
1610608062426 0.531205 8.03257 1.0013 1.56919e-05
1610608062526 0.546785 8.02214 1.0006 0.0123216
1610608062626 0.552866 8.02488 0.997086 0.0806182
1610608062826 0.538699 7.93786 0.998804 0.012978
1610608062924 0.51105 8.13652 1.53359 5.76118e-20
1610608063025 0.357529 8.09176 1.8094 9.29283e-16
1610608063124 0.396241 7.82447 1.49305 1.02806e-19
1610608063224 0.420957 7.62964 1.00198 0.207349
1610608063324 0.368144 7.85296 1.53842 3.69427e-15
1610608063424 0.401878 7.61227 0.999119 0.0358028
1610608063525 0.480404 7.87747 0.426041 4.57182e-18
1610608063625 0.40809 7.75188 0.72708 1.89222e-20
1610608063726 0.514893 8.2066 0.136588 3.78943e-18
1610608063826 0.472088 8.13843 0.338507 2.90579e-19
1610608064025 0.470381 7.75126 0.678968 1.03448e-16
1610608064125 0.490872 7.59287 1.00166 0.00352256
1610608064325 0.430758 7.23916 1.00086 0.296069
1610608064425 0.508417 7.50994 0.431748 0.428593
1610608064523 0.442429 7.49366 1.00124 0.000232079
1610608064624 0.456106 7.4077 1.0011 0.0520319
1610608064725 0.556375 7.48268 1.00295 0.663187
1610608064827 0.47704 7.31888 1.00177 0.196965
1610608064926 0.389853 7.11139 1.001 0.799587
1610608065125 0.432858 7.12279 0.999533 0.291417
1610608065626 0.357656 7.42981 0.371737 3.5684e-16
1610608065726 0.3745 7.36886 0.660979 2.92361e-17
1610608066125 0.248835 6.92118 1.00069 0.906645
1610608066224 0.337895 6.87575 1.00006 0.626604
1610608066325 0.254056 6.8373 1.0013 0.387097
1610608066427 0.282019 6.75353 1.00094 0.876703
1610608066524 0.163168 6.73652 1.00022 0.600404
1610608066825 0.383192 6.93426 0.999864 0.333558
1610608066924 0.375378 6.9165 0.998712 0.296883
1610608067123 0.236807 7.01465 1.00066 0.0718284
1610608067626 0.325116 7.06471 1.00161 0.00193995
1610608067725 0.136849 7.37628 1.87461 6.40697e-17
1610608067918 0.0838581 7.50401 2.10017 1.12872e-15
1610608068023 0.199386 7.16614 -0.0532285 0.779023
1610608069326 0.340293 7.73937 0.386627 2.50845e-18
1610608070024 0.276925 7.39971 0.999873 0.117816
1610608070125 0.239008 7.30977 1.00023 0.296347
1610608070225 0.255218 7.36611 0.998067 0.0593356
1610608070724 0.170825 7.50716 0.998841 0.138011
1610608070925 0.513105 7.59735 1.00116 0.87782
1610608071025 -0.541493 7.50429 0.371589 2.48942e-16
1610608071925 0.460217 7.6782 1.00021 0.563477
1610608072025 0.427095 7.70185 1.00066 0.555491
1610608072127 0.462528 7.694 1.00044 0.70584
1610608072225 0.458496 7.75466 0.99892 0.523535
1610608072625 0.455766 7.74023 1.00159 0.281047
1610608072727 0.448365 7.67188 0.999014 0.508636
1610608072827 0.447829 7.76784 1.00071 0.183529
1610608073524 0.401109 8.92759 0.359029 6.69517e-17
1610608073624 0.398424 8.26819 0.0314251 5.27528e-18
1610608073722 0.338858 8.26164 -0.0460082 5.25418e-18
1610608073822 0.117895 8.21309 0.666163 5.93702e-16
1610608074026 0.583239 8.46411 1.001 0.354551
1610608074126 0.522482 8.57692 0.998749 0.166779
1610608074226 0.549879 8.69443 0.99966 0.208714
1610608074326 0.521785 8.75697 1.00139 0.158742
1610608074525 0.517469 8.39522 0.999152 0.111693
1610608075525 0.532843 8.81375 1.00252 0.403541
1610608076527 0.447901 8.52109 1.34931 2.13759e-15
1610608076624 0.451835 8.47587 1.45337 3.59736e-18
1610608076924 0.434358 8.4519 1.34294 1.33059e-17
1610608077524 0.401774 8.36093 1.00142 0.00043676
1610608077924 0.389342 8.05344 1.33974 2.61526e-16
1610608078523 0.448054 9.6065 0.999566 0.969546
1610608079124 0.388179 8.21203 1.89705 3.8439e-16
1610608079324 0.47748 9.29644 0.998905 0.0075216
1610608079523 0.161457 8.01193 1.65153 7.69683e-21
1610608079628 0.31472 8.89615 0.51104 1.35763e-20
1610608079723 0.0367832 7.91933 1.57132 1.59627e-19
1610608079924 -0.955313 7.86059 0.0105758 5.25483e-17
1610608080023 -1.04878 7.84945 -0.202627 8.7318e-18
1610608080416 -0.630278 8.05303 0.0789702 9.29898e-16
1610608080522 -0.977083 7.95015 0.10329 3.95979e-16
1610608080623 0.198005 8.11455 1.7331 5.87701e-15
1610608080725 -0.749285 7.98942 0.0543958 3.07154e-16
1610608080823 0.148843 8.08245 1.51167 2.4273e-19
1610608081123 -0.00102185 8.00529 1.6295 1.91932e-20
1610608081227 0.306732 8.08554 1.00226 0.0714787
1610608081523 0.030163 7.98289 1.33564 1.48982e-16
1610608081623 0.0812961 7.97183 1.35173 1.52075e-16
1610608081823 0.245612 7.93157 1.00077 0.18514
1610608082524 0.208603 7.80652 1.0003 0.0808067
1610608083423 0.106092 7.62375 1.00101 0.0140749
1610608083522 0.162441 7.64475 1.00019 0.0287063
1610608083622 0.137209 7.65911 0.999346 0.0489527
1610608083722 0.199165 7.60026 0.999743 0.0976344
1610608083923 0.140125 7.57295 0.997989 0.121018
1610608084022 0.172746 7.55158 1.00056 0.109588
1610608084925 0.308858 7.34306 1.00029 0.173858
1610608085023 0.264092 7.32274 0.999545 0.236268
1610608085122 0.257673 7.33642 0.999124 0.153465
1610608085225 0.237581 7.26686 1.00029 0.217128
1610608085823 0.172567 7.22892 1.00034 0.235895
1610608086023 0.109409 7.21541 0.999596 0.190212
1610608086122 0.173431 7.22824 1.0005 0.44013
1610608086423 0.129032 7.19626 1.00056 0.252651
1610608086523 0.124557 7.14046 1.00008 0.229125
1610608087522 0.109032 7.04969 1.00041 0.186007
1610608089423 -0.134435 6.77516 0.998794 0.662999
1610608090923 -0.548735 6.75017 0.998944 0.888442
1610608091123 -0.730368 6.75101 0.998424 0.823618
1610608091223 -0.996747 6.72716 0.998742 0.824469
1610608091323 -0.059412 6.70688 0.998631 0.842809
1610608091823 0.0244565 7.10648 1.0006 0.321265
1610608092023 -0.0137246 7.52917 0.482855 4.9356e-20
1610608092124 -0.0308438 7.58823 0.380574 4.69402e-19
1610608092222 -0.0459009 7.62183 0.295606 1.48491e-19
1610608092423 -0.0292366 7.10021 1.00108 0.847594
1610608092524 -0.0180406 7.25747 1.00021 0.193918
1610608092623 0.0491832 8.20077 0.0728404 1.38735e-18
1610608092722 0.0847209 8.69841 1.97408 4.97017e-18
1610608092822 0.0070057 7.27024 0.999805 0.0864331
1610608092923 0.000995322 7.24794 1.00125 0.0308735
1610608093023 0.0268219 7.29591 0.999493 0.0912749
1610608093123 -0.0241663 7.2968 1.00223 0.024003
1610608093223 -0.013336 7.2959 1.00075 0.0899981
1610608093323 -0.00195036 7.30347 1.00135 0.0614202
1610608093423 0.014368 7.33364 0.999444 0.0634798
1610608093623 0.00827015 7.36649 0.999221 0.0251261
1610608093721 0.0182854 7.40224 1.0004 0.0027953
1610608093820 -0.0346373 7.29698 1.00098 0.103856
1610608093922 -0.0576263 7.3352 1.00021 0.0871786
1610608094022 -0.0844441 7.35886 0.999573 0.0345421
1610608094121 -0.0389951 7.2928 1.00051 0.221143
1610608094822 -0.191101 7.46273 1.0008 0.00950308
1610608094920 -0.127966 7.48122 1.00116 0.895599
1610608095626 0.220153 7.48869 1.00055 0.293137
1610608095825 0.259293 7.55219 1.0005 0.109535
1610608095922 0.153806 7.5787 0.99918 0.0705775
1610608096022 0.145406 7.60413 1.00093 0.282365
1610608096122 0.172722 7.5604 0.999376 0.296231
1610608096822 0.129971 7.79763 0.999941 0.0697821
1610608096923 -0.00382516 7.84115 1.00135 0.000613914
1610608097022 -0.0356304 7.91901 0.998091 0.0909005
1610608097120 -0.242685 7.89499 1.5802 7.92073e-20
1610608097222 -0.252906 7.90455 1.58224 8.00817e-20
1610608097323 0.00871151 7.91682 1.45688 4.63786e-18
1610608097424 0.190403 7.99917 1.00082 0.00102128
1610608097626 0.185947 8.04359 1.26183 4.21743e-22
1610608097822 0.204327 7.94665 1.10704 5.50078e-21
1610608097922 0.198048 8.03279 1.48734 3.64394e-19
1610608099321 0.208051 8.37622 1.5963 1.70916e-19
1610608099522 0.176165 8.21558 1.60899 4.82011e-20
1610608099721 0.100297 9.14995 1.44808 3.17179e-19
1610608099921 0.00978966 8.54391 0.457021 1.10429e-18
1610608100019 0.00345123 8.75149 1.66609 5.4818e-17
1610608100121 -0.782444 7.9165 0.369807 9.48379e-21
1610608100221 -0.850333 7.72941 0.533829 4.52733e-20
1610608100321 -0.418715 7.86373 0.511623 1.50694e-19
1610608100422 -0.189397 8.28283 0.332174 4.6451e-19
1610608100521 -0.922354 7.83985 0.495976 6.2839e-20
1610608100721 0.127537 8.70394 0.668125 1.70492e-21
1610608100822 -0.151085 8.4879 0.307472 2.32797e-15
1610608101823 -0.322953 7.64445 0.999742 0.00177468
1610608101920 -0.943793 7.54304 1.00101 0.00250691
1610608102222 -0.426505 7.54972 0.999971 0.0027789
1610608102320 -0.539068 7.55427 1.00075 0.00475874
1610608102420 -0.379164 7.61286 1.00143 0.87433
1610608102815 -0.140582 7.60102 0.998822 0.0021338
1610608102920 -0.0622132 7.62256 1.33116 4.17494e-22
1610608103019 -0.134329 7.68002 0.997094 0.967641
1610608103120 -0.14742 7.61679 1.42385 1.34867e-17
1610608103219 -0.105856 7.60661 1.20079 3.08756e-18
1610608103320 -0.0595129 7.61994 1.00114 0.567723
1610608103522 -0.138834 7.58217 0.998763 0.320781
1610608105022 0.0191149 7.31185 1.00122 0.35979
1610608105124 -0.101178 7.32056 1.00021 0.0709534
1610608105322 -0.824931 7.18288 1.00009 5.52295e-06
1610608111821 -0.175658 7.38541 0.347818 0.109397
1610608111919 -0.0589612 7.35905 1.8299 1.51543e-16
1610608114521 -0.647347 6.88367 1.00081 0.513214
1610608116521 -0.212582 7.4253 -0.105026 1.04872e-19
1610608118020 -0.0488243 6.82482 1.00074 0.36525
1610608118120 0.138898 6.75644 0.45257 1.63216e-15
1610608118219 0.0510459 6.82012 0.998783 0.366251
1610608121718 0.492193 7.0949 0.999584 0.0459817
1610608123221 0.798045 7.46642 0.999503 0.230982
1610608124020 0.986866 7.57372 1.00132 0.0337816
1610608124520 1.10018 7.4215 0.999261 0.568386
1610608125920 1.34228 7.48854 1.00049 0.4369
1610608127219 1.39984 7.54343 1.00061 0.715104
1610608127319 1.45735 7.52161 0.997851 0.446609
1610608127418 1.38712 7.39104 1.00048 0.888335
1610608127918 1.53609 7.44113 0.999828 0.958027
1610608128519 1.64137 7.50846 1.0009 0.811904
1610608128820 1.57143 7.37863 1.00141 0.600777
1610608129519 1.52911 7.17992 1.00029 0.119474
1610608134318 1.70374 7.37675 1.0008 0.556905
1610608134418 1.78323 7.44556 1.00077 0.604113
1610608134519 1.63407 7.38494 0.999398 0.534095
1610608134620 1.71146 7.31771 0.355108 6.90783e-21
1610608134717 1.67485 7.35426 0.999259 0.169109
1610608134817 1.62716 7.46186 0.999311 0.505396
1610608135219 1.77173 7.65647 0.999895 0.911839
1610608135719 1.73328 7.69101 0.999199 0.717451
1610608135918 1.74133 7.81893 0.9992 0.152075
1610608136317 1.57777 7.78308 0.99936 0.335318
1610608137519 1.83671 8.05037 0.474503 0.100525
1610608137617 1.81338 8.10394 1.00082 0.181689
1610608137717 1.82872 8.15361 1.00057 0.271954
1610608137820 1.79601 8.14853 1.00039 0.0353518
1610608138719 1.66795 8.43219 1.0029 0.943164
1610608138819 1.64798 8.41424 1.00081 0.512771
1610608138920 1.65164 8.43459 1.00128 0.623225
1610608139120 1.60804 8.28323 0.999469 0.772031
1610608141520 1.27866 8.23292 1.00334 0.857707
1610608141719 1.43295 8.13122 1.00064 0.5165
1610608141820 1.49473 8.13728 0.998858 0.69616
1610608141917 1.44099 8.3413 0.998512 0.0272288
1610608142019 1.47692 8.19442 0.999755 0.212024
1610608142119 1.49692 8.45957 0.999394 0.516183
1610608142219 1.56924 8.78154 1.00043 0.00224833
1610608142318 1.44846 8.24074 1.00442 0.0880663
1610608142418 1.47649 8.35661 0.999434 0.413399
1610608142518 1.47296 8.26043 1.00075 0.341373
1610608142717 1.41248 8.24678 1.00041 0.596093
1610608142820 1.45875 8.24044 0.999856 0.583061
1610608143021 1.33182 8.20474 0.999285 0.0690231
1610608143317 1.4078 8.27841 0.999245 0.0444811
1610608143520 1.60361 8.4477 0.999743 0.883502
1610608143619 1.39954 8.58931 0.999864 0.0268538
1610608143717 1.46668 8.66642 1.42668 7.30315e-18
1610608143819 1.40869 8.51479 0.200677 0.60423
1610608144320 1.30888 8.67149 1.00062 0.118216
1610608144418 1.34791 8.35425 1.0012 0.92972
1610608144519 1.31028 8.55296 1.00122 0.708709
1610608144820 1.2744 8.62985 1.00097 0.853797
1610608145119 1.20242 8.75629 1.00017 0.557968
1610608145219 1.18769 8.76157 1.00109 0.567168
1610608145319 0.919723 7.90183 1.00177 0.0161416
1610608145417 0.651903 7.64086 0.619762 1.84077e-17
1610608145518 0.6973 7.7633 0.749015 7.27141e-22
1610608145618 0.742682 7.76596 0.945462 1.07416e-17
1610608145819 0.839851 8.12736 1.00087 2.24743e-05
1610608145918 0.924778 7.72258 0.999329 0.477866
1610608146017 0.972896 8.00119 0.999111 0.577703
1610608146719 1.06344 7.84234 0.938414 0.994456
1610608147518 1.3236 7.91002 0.998003 0.962294
1610608147618 1.35599 8.02715 1.00102 0.656543
1610608147920 1.34296 8.10923 0.999254 0.674292
1610608148117 1.40475 8.38034 1.00105 0.271714
1610608148318 1.44813 8.12127 0.999473 0.755225
1610608148818 1.5642 8.0171 0.999177 0.843839
1610608149018 1.55132 7.83895 0.99928 0.597787
1610608149218 1.69011 7.91957 1.00105 0.226688
1610608151718 1.84825 7.14528 0.234887 5.72663e-20
1610608152419 1.93972 7.15618 1.00113 0.467174
1610608152517 1.90949 7.1806 1.00111 0.414219
1610608153817 2.00346 7.3337 0.999045 0.494995
1610608154917 2.13602 7.10723 1.00117 0.703643
1610608155017 2.13911 7.09347 1.00055 0.567232
1610608155117 2.11131 7.06634 1.86427 0.499792
1610608155216 2.16533 7.05171 0.111395 1.0536e-15
1610608155517 2.01364 7.10339 0.99996 0.324495
1610608156516 1.54108 6.77562 -0.130349 3.05819e-18
1610608156616 1.55087 6.78104 -0.146675 2.98641e-18
1610608157217 1.72537 6.74202 1.53727 2.33634e-19
1610608158417 2.36124 6.27942 -0.613521 7.70659e-15
1610608158717 2.32302 6.45137 0.792581 2.75896e-22
1610608159111 2.48502 6.21489 -0.308518 2.80828e-20
1610608159216 2.41583 6.21534 -0.168847 1.42497e-19
1610608159616 2.312 6.10649 -0.630442 4.74566e-15
1610608159716 2.42228 6.07639 -0.582078 4.10706e-15
1610608159816 2.35377 6.20978 0.278347 4.12551e-17
1610608159916 2.34865 6.27808 0.693958 2.00772e-18
1610608160015 2.17688 6.14995 1.38531 0.39301
1610608160116 2.29765 6.16567 1.00124 0.56442
1610608160217 2.25943 6.17718 0.999553 0.62628
1610608160316 2.23027 6.2436 1.00067 0.68185
1610608160417 2.1602 6.17522 1.3989 0.380576
1610608160519 2.14576 6.17924 1.12528 0.577781
1610608160616 2.1794 6.19244 1.00075 0.265902
1610608160716 2.13786 6.14899 1.10457 0.532515
1610608161016 2.14817 6.09681 1.00023 0.553181
1610608161117 2.12881 6.02047 0.337772 2.19779e-16
1610608161317 2.28729 6.02232 1.26263 0.235185
1610608161416 2.31401 5.99332 0.993473 0.25825
1610608161516 2.31757 5.9116 0.999851 0.0210672
1610608161711 2.25569 5.97636 0.999943 0.223646
1610608161816 2.21739 5.93512 0.597462 0.039874
1610608161916 2.13953 6.00589 1.15708 0.0944128
1610608162016 2.18752 5.93676 1.00027 0.614659
1610608162116 2.11766 5.88782 0.561952 0.680439
1610608162216 2.12977 5.85903 2.06698 0.193634
1610608162316 2.18718 5.83397 1.92851 0.129211
1610608162415 2.2994 5.91295 0.99937 0.566764
1610608162516 2.16034 6.00728 0.999543 0.514137
1610608162618 2.21877 5.997 1.62961 0.192701
1610608162717 2.14829 5.9885 0.995447 0.537224
1610608162819 2.22473 6.0266 0.999451 0.348766
1610608162919 2.13456 6.02965 1.00059 0.617074
1610608163416 2.18109 5.91409 2.00081 0.154296
1610608163515 2.24677 5.87873 0.586815 0.329721
1610608163710 2.14334 5.97027 1.00085 0.179119
1610608163816 2.06669 5.92089 0.999083 0.365755
1610608164117 2.12135 5.8241 0.668759 0.818396
1610608164216 2.05409 5.87917 0.420933 0.00885913
1610608164617 2.00688 5.88487 1.00324 0.0347602
1610608164716 1.93153 5.86036 0.99903 7.35559e-05
1610608164816 1.95641 5.90671 1.0006 0.104152
1610608164916 2.05355 5.93701 1.00061 0.372258
1610608165016 2.0178 5.97079 1.32417 0.130654
1610608165116 2.21972 5.83937 1.00409 0.0928519
1610608165916 2.0184 6.02696 0.999177 0.874141
1610608166718 2.16839 5.83043 1.00003 8.55082e-05
1610608166917 1.86402 6.00756 0.999961 0.0259537
1610608167617 1.9423 5.79991 1.00071 0.595227
1610608167916 1.73958 5.78097 0.125823 2.55635e-20
1610608168015 2.34933 5.47181 -0.0688617 6.02062e-20
1610608168217 1.97136 5.7017 0.518738 0.40206
1610608168416 1.91352 5.702 0.842925 0.308564
1610608168516 1.99657 5.67187 1.00093 0.0173645
1610608168617 2.10366 5.73727 1.00012 0.678659
1610608169018 2.10224 5.59377 1.00171 0.307266
1610608169217 1.9665 5.54755 0.999166 0.513986
1610608169717 1.88532 5.46926 0.99899 0.279768
1610608170217 2.17151 5.56468 0.999285 0.824538
1610608170316 1.93503 5.41359 1.00027 0.592383
1610608170416 2.13674 5.54672 1.00181 0.655306
1610608170517 1.85637 5.19627 0.999642 0.981201
1610608170616 2.06664 5.2747 1.00019 0.973335
1610608170716 2.09731 5.26997 0.999759 0.759171
1610608170817 2.10568 5.27808 0.998612 0.921831
1610608171116 2.03551 5.19122 1.00019 0.807242
1610608171216 1.99162 5.15026 0.691731 0.363327
1610608171420 2.14628 5.31003 1.00137 0.790847
1610608171816 2.04607 5.21906 1.00139 0.431349
1610608171916 2.16021 5.2404 1.00022 0.563431
1610608172516 1.98553 5.1788 1.00217 0.13456
1610608172616 2.19101 4.95217 -0.992075 7.70305e-18
1610608172715 2.4631 5.45949 -0.439666 1.69119e-16
1610608172815 2.13456 5.23051 1.00068 0.339213
1610608173120 2.1878 5.34855 0.999628 0.773209
1610608173216 2.41555 5.32842 -0.655149 5.63037e-17
1610608173316 2.39937 5.42526 0.0997067 1.04691e-18
1610608173415 2.14906 5.09566 0.532718 3.62647e-18
1610608173616 2.33763 5.24466 -0.153575 0.0118781
1610608173715 2.2703 5.37701 -0.301501 4.21818e-16
1610608174015 2.36662 5.32476 0.127945 0.208661
1610608174115 2.26136 5.20929 1.00091 0.372751
1610608174316 2.27202 5.28358 1.00075 0.670954
1610608174417 2.33581 5.18989 0.685324 6.29655e-20
1610608174817 2.30813 5.2568 0.289896 0.00620157
1610608175316 2.48336 5.22279 -0.521768 1.55493e-14
1610608175415 2.3309 5.24264 0.604229 0.0898916
1610608175516 2.25474 5.1732 1.00047 0.495204
1610608175616 2.32558 5.21599 0.490204 0.996963
1610608175715 2.35266 5.15495 0.762956 8.56637e-17
1610608175816 2.26422 5.11712 0.999984 0.419131
1610608175915 2.18729 5.17583 0.999568 0.00900259
1610608176015 2.58222 5.28261 0.312568 2.76035e-18
1610608177116 2.03477 5.04557 1.00002 0.140934
1610608177217 2.09667 5.0761 1.00025 0.920318
1610608178016 2.15464 4.96865 0.512274 0.11249
1610608178519 2.10567 4.94843 0.219906 0.706084
1610608178816 2.08287 4.85526 1.00019 0.00163916
1610608179416 2.51962 4.46601 -0.961224 6.47836e-18
1610608179820 2.23632 4.83168 1.00011 0.30311
1610608180218 2.5955 4.74085 0.999343 0.080088
1610608180517 2.5233 4.79935 0.998802 0.539245
1610608180615 2.45014 4.78248 1.0001 0.543539
1610608180815 2.62073 4.6072 1.56069 6.77005e-18
1610608180915 2.61908 4.64399 1.29893 5.62567e-22
1610608181015 2.53195 4.69226 0.559096 4.10751e-19
1610608181215 2.57883 4.706 1.0002 0.388422
1610608181716 2.6164 4.83952 1.00013 0.144397
1610608181815 2.58683 4.84443 1.00039 0.761525
1610608181915 2.74258 4.78376 0.61627 0.756402
1610608182116 2.73764 4.84635 0.999593 0.749053
1610608182215 2.60255 4.64626 -0.110211 6.29135e-16
1610608182316 2.85427 4.84716 0.502759 0.777105
1610608182415 2.88495 4.85978 0.558797 0.20046
1610608182715 2.85811 4.8146 1.5897 1.33091e-17
1610608182817 2.92706 4.80752 0.658278 0.000313787
1610608182915 2.93953 4.7871 0.998838 0.133448
1610608183015 2.94785 4.84984 0.999472 0.0389115
1610608183117 2.91587 4.86373 1.00077 0.510709
1610608183217 2.96387 4.85032 0.585214 0.210239
1610608183416 2.94801 4.85555 1.00012 0.466088
1610608183515 3.07461 4.83145 1.00001 0.00879811
1610608183615 2.99535 5.00518 0.999555 0.736875
1610608183816 2.8475 4.90781 0.999765 0.0246754
1610608184516 2.59968 5.20198 0.999731 0.507802
1610608184717 2.76741 5.34558 1.00081 0.574881
1610608184916 2.69673 5.3924 0.637741 2.85355e-19
1610608186016 2.71908 5.53373 1.00049 0.00735728
1610608186115 2.71771 5.52174 0.999754 0.278113
1610608186216 2.70849 5.52734 0.999999 0.102908
1610608187016 2.81281 5.77401 1.00059 0.302608
1610608187217 2.87544 5.74168 0.998537 0.75835
1610608187318 2.8197 5.65412 1.00104 0.72925
1610608187416 2.93598 5.68575 0.998792 0.663027
1610608187515 2.91038 5.64543 1.00011 0.355439
1610608189018 2.93599 5.65772 0.999099 0.894551
1610608190015 2.87902 5.79146 1.00061 0.104355
1610608190115 2.82353 5.84051 0.999331 0.229685
1610608190215 2.87963 5.78442 0.999592 0.381177
1610608190316 2.8511 5.78022 1.00127 0.377236
1610608190416 2.87123 5.74884 1.00038 0.682147
1610608191116 2.80002 5.94182 0.999579 0.414731
1610608191316 2.71985 5.99594 1.00061 0.993305
1610608191616 2.74191 6.05273 0.99956 0.432312
1610608191716 2.70376 6.06376 1.00049 0.905265
1610608191915 2.76042 6.09817 0.999594 0.287102
1610608192516 2.61295 6.13592 1.00014 0.889297
1610608192916 2.72367 6.17851 1.00044 0.679541
1610608193016 2.66541 6.17602 0.999864 0.428329
1610608193115 2.68545 6.23729 0.999541 0.489948
1610608193218 2.58448 6.23658 1.00005 0.100252
1610608193315 2.66588 6.12932 0.99951 0.836861
1610608193616 2.68417 6.18592 1.00003 0.849873
1610608193916 2.62258 6.32529 1.00038 0.739436
1610608194016 2.68186 6.34672 1.0002 0.634896
1610608194117 2.71977 6.41129 0.999813 0.509797
1610608195416 2.67297 6.55085 0.998364 0.795405
1610608195516 2.72979 6.53299 1.00006 0.779691
1610608195615 2.70822 6.70058 1.00032 0.0189934
1610608195715 2.71947 6.83933 1.00069 1.03187e-05
1610608195815 2.73373 6.76274 1.00091 0.199566
1610608196016 2.758 6.77444 0.99953 0.0726281
1610608196115 2.73952 6.62334 1.00423 0.662151
1610608196215 2.78505 6.70001 0.999525 0.816336
1610608196616 2.93771 7.10646 0.151427 4.38511e-16
1610608196816 2.73259 7.04422 1.00068 0.726556
1610608196916 2.77102 7.05257 0.998805 0.404276
1610608197116 2.77536 7.11382 0.999032 0.777905
1610608197617 2.85403 7.34088 0.60554 1.04925e-15
1610608198116 2.89375 7.09236 1.00026 0.6691
1610608198618 2.87243 7.28609 1.00117 0.454078
1610608198717 2.86246 7.44724 1.00077 0.15657
1610608198916 2.83755 7.17043 0.996757 0.534151
1610608199518 2.89978 7.96463 0.999344 0.0693346
1610608199717 2.90996 8.59457 0.999702 0.0460627
1610608199917 2.90001 8.18973 1.00037 0.093224
1610608200017 2.85855 7.76417 0.997615 0.404432
1610608200216 2.86089 7.95266 1.00156 0.0675832
1610608200717 2.93142 7.88431 1.00035 0.392551
1610608200817 2.94807 8.63299 0.999293 0.860201
1610608201216 2.90814 7.89738 1.00152 0.363239
1610608201317 2.85513 8.13936 1.00036 0.764177
1610608202016 2.95003 8.4201 1.00122 0.610773
1610608202218 3.08661 8.52278 1.3161 1.53611e-19
1610608202317 3.00803 8.37822 0.999632 0.179658
1610608202918 2.98223 8.80054 1.00005 0.535992
1610608203717 2.95511 8.68235 1.00115 0.254754
1610608205018 2.67415 8.2385 0.998805 0.439746
1610608205217 2.64494 8.27342 0.998018 0.37143
1610608205418 2.68499 8.1991 0.999814 0.899956
1610608206118 2.52629 8.28104 1.00061 0.831741
1610608207418 2.23708 8.26894 0.999572 0.764804
1610608207918 2.08056 8.32267 1 0.422138
1610608208018 1.98714 8.29151 0.999217 0.329231
1610608208118 1.95528 8.24121 0.997439 0.207575
1610608208215 1.1677 8.16509 -0.741446 4.87664e-16
1610608208315 2.06474 8.23356 1.0006 0.876591
1610608209218 1.90985 8.20406 0.999745 0.610565
1610608209318 1.88507 8.19302 1.00083 0.946183
1610608209417 1.8718 8.23359 1.00115 0.591717
1610608209516 1.90151 8.33826 1 0.669722
1610608209626 1.88836 8.34567 0.999281 0.48902
1610608209817 1.90044 8.41905 0.999609 0.92009
1610608211116 1.92964 8.17285 0.999564 0.936849
1610608211320 1.93477 8.11873 1.00138 0.955689
1610608211615 1.80843 8.03771 0.998973 0.313581
1610608211817 1.81072 7.91162 0.999253 0.43849
1610608212016 1.81648 7.97412 1.00037 0.585807
1610608212118 1.78565 7.85103 1.00119 0.852332
1610608212218 1.74639 7.89434 1.00078 0.460604
1610608213017 1.92894 8.02694 1.00296 0.691992
1610608213117 1.94852 8.11418 1.00338 0.0238403
1610608214117 1.24301 7.80362 0.334144 5.45337e-19
1610608214216 0.98741 7.72023 -0.0966521 2.73194e-16
1610608214317 1.10586 7.76124 0.203359 2.488e-20
1610608214817 1.16389 7.68052 0.833007 8.42877e-18
1610608214914 1.11708 7.74034 0.447835 1.23358e-18
1610608216417 1.36168 8.21715 0.998826 0.748171
1610608216717 1.38543 7.90183 0.999672 0.988682
1610608216918 1.40996 8.11665 1.00015 0.83331
1610608217021 1.32228 8.03314 0.998622 0.862794
1610608217118 1.42173 8.15978 1.00044 0.531308
1610608217316 1.39889 8.19828 0.998833 0.234101
1610608217416 1.44641 8.2819 0.997867 0.0471228
1610608217517 1.459 8.44118 0.82259 3.87445e-17
1610608217616 1.48368 8.41983 1.00149 0.285731
1610608217717 1.3957 8.47611 0.621262 0.0729008
1610608217928 1.50851 8.53106 0.99914 0.213898
1610608218318 1.36262 8.5374 0.999188 0.0221076
1610608218416 1.37194 8.59547 0.999421 0.571446
1610608218521 1.33614 8.53104 0.9998 0.999163
1610608218618 1.29541 8.4092 0.998563 0.943146
1610608219218 1.2434 8.37639 1.00324 0.249093
1610608219317 1.28764 8.55854 1.00093 0.00524365
1610608219416 1.41525 8.7043 -0.200932 2.78803e-15
1610608219618 1.17819 8.63243 1.00053 0.514462
1610608219817 1.22289 8.67769 0.998874 0.16568
1610608220016 1.25308 8.71035 1.00239 0.306289
1610608220418 1.47628 8.87374 -0.305936 3.1323e-15
1610608220519 1.28301 8.70239 1.00129 0.0283282
1610608220710 1.23063 8.51865 0.998894 0.938696
1610608220816 1.27702 8.80039 1.00155 0.909386
1610608221418 1.15871 8.84788 1.00153 0.495231
1610608221517 1.2246 8.91636 0.999744 0.172423
1610608221617 1.15874 8.818 1.00043 0.495443
1610608222018 0.949296 8.92576 1.00121 0.416906
1610608224218 -0.170889 8.07109 -0.0430543 4.7386e-16
1610608224718 -0.32091 8.09861 -0.028841 5.78429e-16
1610608224817 -0.301444 8.08357 -0.0727037 2.97747e-16
1610608224917 -0.213333 8.11042 0.0385037 1.79475e-15
1610608225016 -0.324083 8.07119 -0.00525327 5.60633e-16
1610608225217 0.393412 8.15591 1.00065 0.0142383
1610608225317 -0.178917 8.49806 -0.0122023 6.93572e-20
1610608225416 0.194687 8.79836 1.72615 2.44873e-14
1610608225515 -1.17994 7.92501 0.222479 2.17481e-15
1610608225616 -0.563688 8.14381 -0.0457188 5.76452e-16
1610608225816 -0.242285 8.37372 -0.0275024 1.26009e-14
1610608225915 -0.5905 8.24468 -0.0322283 2.02205e-15
1610608226017 0.0271925 8.17691 1.73592 7.38383e-19
1610608226117 -0.152001 8.10394 1.75011 2.14585e-18
1610608226218 -0.587701 8.06733 0.0876819 1.25941e-15
1610608226317 -0.260912 8.05062 1.8541 6.21222e-18
1610608226517 -1.22325 7.91198 0.261185 3.79126e-15
1610608226616 -0.934132 7.95784 0.0382241 1.71712e-16
1610608227116 -0.176917 7.8341 1.72967 7.60547e-15
1610608227317 -0.242208 7.85628 1.68725 7.62813e-21
1610608227417 -1.44467 7.87187 0.346184 8.13016e-21
1610608227516 -1.37247 7.92493 0.226587 3.26568e-15
1610608227818 -1.49508 7.81578 0.553568 6.49176e-19
1610608228017 -0.0721624 7.9967 1.727 9.06619e-15
1610608228216 0.0601829 7.98366 1.50747 2.68107e-19
1610608228316 0.0300603 7.92533 1.48147 1.90153e-18
1610608230217 0.194292 7.81069 1.00066 0.112228
1610608230317 -0.796 7.68405 0.521032 1.8198e-20
1610608230519 -0.202182 7.65693 0.998728 0.0344103
1610608230616 -1.06381 7.679 0.999469 0.00299483
1610608230916 -0.976063 7.65681 0.201175 5.75667e-17
1610608231116 -0.0187976 7.69369 1.00113 0.0778232
1610608231219 -1.21417 7.56607 0.999048 0.206057
1610608231717 -0.25862 7.86089 1.27639 3.69717e-22
1610608231815 -0.374085 7.90032 1.41409 1.24747e-17
1610608232017 -0.378585 7.91434 1.51336 6.27638e-19
1610608232114 -0.253233 7.76981 0.999482 0.0105816
1610608232216 -0.480127 7.82493 1.00073 0.641696
1610608232617 -0.941525 7.63591 1.00223 0.00553751
1610608232717 -0.688424 7.69542 0.537172 3.31644e-20
1610608233219 -0.417156 7.62496 1.23576 9.58063e-18
1610608233315 -0.401967 7.65836 1.41264 1.12228e-15
1610608233418 -0.29165 7.607 1.00145 0.0027617
1610608233515 -0.134308 7.62335 1.28866 9.79802e-22
1610608233615 -0.106966 7.57973 1.00058 0.000111314
1610608234016 -0.162723 7.55622 1.17493 2.69865e-23
1610608235618 0.0273521 7.28814 1.00132 0.393387
1610608236017 -0.0218346 7.25116 1.00135 0.192456
1610608236118 0.00065564 7.2938 0.999812 0.128533
1610608236617 -0.0614746 7.1188 0.999178 0.161359
1610608236717 0.0026908 7.18447 0.997744 0.0733335
1610608236817 -0.253903 7.08812 0.999404 0.0551924
1610608237017 -0.0622616 7.0483 0.9996 0.10749
1610608237117 0.0185362 7.06754 1.00112 0.146611
1610608237217 -0.0265907 7.05512 1.00016 0.282506
1610608237317 -0.0925191 6.99769 0.999683 0.270023
1610608237417 -0.164946 7.30541 0.508599 0.460969
1610608240417 -0.110121 7.29207 1.84702 7.95038e-15
1610608241017 -0.0100748 7.34225 -0.108442 5.32137e-17
1610608241517 -0.119837 7.05489 1.00113 0.222135
1610608241617 -0.224293 6.84747 0.99954 0.69586
1610608245017 0.0130659 6.77249 1.003 0.0524756
1610608245116 0.0671909 6.75565 0.998331 0.640121
1610608245216 0.0392566 6.78695 1.00112 0.4499
1610608245316 -0.00429411 6.78886 1.00715 0.45814
1610608245416 0.0922841 6.80114 0.999544 0.187081
1610608249016 0.364254 6.92099 0.997778 0.378238
1610608249116 0.316133 7.02324 1.00083 0.347696
1610608250817 0.796854 7.56499 0.387208 1.61856e-17
1610608251217 0.630284 6.97783 1.00106 0.0131864
1610608251617 0.366312 6.93541 0.738402 5.08867e-19
1610608251908 0.641266 6.90616 1.00095 0.010207
1610608252117 0.544694 6.89629 0.444903 7.88002e-17
1610608252218 0.678201 6.99981 0.504875 2.00116e-15
1610608252417 0.81009 7.07455 0.637563 1.25123e-19
1610608252517 0.533611 6.9197 0.356667 1.15817e-17
1610608252618 0.579927 6.78661 1.00207 0.00071229
1610608252718 0.793687 7.04318 0.583261 1.23478e-20
1610608252917 1.08381 7.10555 1.00098 0.0230424
1610608253416 1.39355 7.21454 0.998453 0.874863
1610608254718 1.69184 7.07224 0.999941 0.409246
1610608255221 1.73067 6.75854 1.00076 0.269008
1610608255717 1.8171 6.91923 0.999765 0.626737
1610608256117 1.78914 6.85804 1.00076 0.557161
1610608256316 1.8043 6.86333 0.999456 0.0511743
1610608256416 1.78064 6.79444 0.999027 0.787865
1610608256516 1.82741 6.80552 0.999618 0.623394
1610608257816 1.869 7.2078 1.00063 0.409934
1610608258316 1.91043 6.90916 1.001 0.515588
1610608258416 1.91816 6.84887 1.00063 0.130392
1610608258916 1.85836 6.96099 0.999249 0.702428
1610608259016 1.92816 6.9557 0.999495 0.898145
1610608259117 2.08213 6.87679 0.999259 0.225071
1610608259517 2.03083 6.85873 1.00007 0.946885
1610608259615 1.84839 6.72543 1.00154 0.566165
1610608259715 1.91424 6.76048 0.998888 0.629139
1610608259815 1.85682 6.67558 1.37917 0.0412453
1610608260017 2.0799 6.68631 0.998666 0.207514
1610608262015 2.051 6.42305 0.999016 0.00192501
1610608262116 2.0385 6.41931 1.56751 0.332507
1610608262215 2.09663 6.10916 -0.926123 3.80212e-15
1610608262315 2.04583 6.29293 -0.112528 1.20241e-18
1610608262415 2.02006 6.26924 -0.0511288 2.09959e-18
1610608262514 1.88312 6.24419 2.0639 0.0463583
1610608262615 1.9395 6.38785 1.00057 0.124112
1610608262815 1.88367 6.3282 1.31266 3.93908e-22
1610608262916 2.03097 6.23978 0.99983 0.342043
1610608263016 2.04797 6.2121 1.50715 0.122866
1610608263115 2.14716 6.0215 -0.640501 4.94045e-15
1610608263215 2.0655 6.14154 1.00122 0.753245
1610608263416 2.14135 6.06364 1.57421 0.609818
1610608263515 2.20778 5.91902 -0.350004 8.62312e-15
1610608263716 2.048 6.10628 0.999059 0.737931
1610608263815 1.93696 6.01701 1.27869 0.15761
1610608264016 2.23463 5.95305 1.00146 0.0127488
1610608264116 2.22231 5.78324 -0.297846 9.14488e-15
1610608264317 2.06254 5.85439 1.00071 0.0205818
1610608264416 2.10722 5.83189 1.00035 0.90591
1610608264515 1.96635 5.83673 1.00047 0.0585358
1610608264616 2.07416 6.02437 0.971046 2.32398e-27
1610608264919 2.03493 5.7109 0.573287 0.00159467
1610608265417 2.00347 5.57897 1.00109 0.765718
1610608265515 2.16867 5.70834 1.00168 0.539483
1610608265816 2.01682 5.51588 0.998576 0.751333
1610608265916 1.97757 5.45836 1.00124 0.0064426
1610608266015 1.99662 5.47833 1.00165 0.219689
1610608266315 1.88121 5.34314 1.00082 0.314503
1610608266516 2.06415 5.39579 0.999545 0.283689
1610608266617 1.91258 5.18375 1.00033 0.0936319
1610608266816 2.18325 5.33026 0.998934 0.874451
1610608267717 2.05902 5.20699 1.00099 0.12377
1610608267815 2.1285 5.11016 -0.479419 4.88873e-16
1610608267915 2.05528 5.17647 0.35518 0.0666143
1610608268218 2.2576 5.37975 0.740958 1.32072e-19
1610608268316 2.22115 5.38419 0.41318 0.00380502
1610608268415 2.2656 5.35995 0.188315 0.326272
1610608268515 2.13111 5.22918 -0.367519 2.54508e-16
1610608268616 2.14069 5.25866 -0.450359 2.40016e-16
1610608269720 2.42961 5.3102 0.260894 0.766019
1610608270616 1.84724 5.26269 0.396762 3.61122e-15
1610608270717 1.97612 5.17997 0.998484 0.73616
1610608272716 2.21192 4.92528 0.999961 0.981466
1610608273416 2.35844 4.66114 2.51828 5.56133e-19
1610608273616 2.38548 4.89063 0.999726 0.2242
1610608274017 2.39652 4.91778 0.999214 0.350983
1610608274117 2.47015 5.01794 0.765274 0.539435
1610608274215 2.47733 5.00487 0.723274 0.616784
1610608274517 2.34709 5.2091 1.00019 0.48389
1610608275715 2.3904 5.41387 1.00031 0.716307
1610608275816 2.35772 5.37724 1.0003 0.802713
1610608275916 2.397 5.46572 0.999939 0.201005
1610608276617 2.43219 5.48268 0.999893 0.873293
1610608276716 2.32309 5.39712 1.00042 0.859305
1610608277316 2.45619 5.59855 1.00048 0.659422
1610608277510 2.43921 5.66577 0.999668 0.49318
1610608277816 2.51085 5.81259 0.999831 0.336066
1610608277915 2.38085 5.67695 1.00019 0.260609
1610608278316 2.43861 6.00117 0.999324 0.914991
1610608278416 2.49665 5.95033 1.80548 0.00280612
1610608278515 2.44668 5.87795 0.347368 0.12218
1610608278615 2.56441 6.00063 1.32782 0.368528
1610608278716 2.56682 5.95119 1.91004 0.0700916
1610608278815 2.47526 6.02922 0.997848 0.955188
1610608278915 2.56901 6.1837 0.998158 0.441708
1610608279116 2.21966 6.03541 1.00013 0.0844006
1610608279215 2.26766 5.9919 0.998639 0.408432
1610608279416 2.17311 5.82403 1.00116 0.99644
1610608279516 2.1312 6.09115 0.699899 1.35407e-23
1610608279615 2.13326 6.18301 1.00533 0.326054
1610608279715 2.2889 6.21296 1.00058 0.700516
1610608279815 2.2352 6.5736 -0.222337 3.87222e-20
1610608280015 2.11388 6.44774 2.07477 3.74034e-19
1610608280115 2.20782 6.36787 0.999322 0.000902935
1610608280315 2.35577 6.76439 1.90652 4.59839e-15
1610608280415 2.38324 6.57411 0.950786 1.11538e-17
1610608280515 2.33967 6.78019 0.371497 3.54849e-19
1610608280615 2.03194 6.81303 2.36801 5.65326e-19
1610608280715 2.29536 6.79751 1.97096 6.61936e-19
1610608280917 2.42405 6.75122 1.00018 0.310216
1610608281816 2.53092 7.04351 1.0005 0.859853
1610608282216 2.46751 7.18996 0.999677 0.606412
1610608284617 2.12339 7.2295 0.998455 0.371381
1610608291017 1.71562 7.88901 1.00091 0.822274
1610608291518 1.42251 7.719 0.998553 0.594418
1610608291817 1.46583 7.90309 0.663169 4.74523e-21
1610608291922 1.42773 7.78518 0.999227 0.00948945
1610608292017 1.35491 7.79376 0.606667 4.28358e-16
1610608292117 1.42566 7.82235 0.999335 0.00445304
1610608292217 1.63348 8.0684 0.999662 0.383124
1610608292317 1.46515 7.95802 0.307882 0.750862
1610608292619 1.70971 8.09869 1.00116 0.541486
1610608292717 1.62849 8.05411 1.00097 0.185536
1610608292918 1.5241 7.96809 0.999671 0.00838204
1610608296318 1.7584 8.132 1.00079 0.443679
1610608296418 1.74798 8.13039 0.998421 0.525899
1610608296811 1.73159 8.11906 0.998984 0.242228
1610608297018 1.72345 8.09667 1.00068 0.0644462
1610608297916 1.70087 8.11516 0.999704 0.346877
1610608298016 1.74025 8.178 0.999801 0.346094
1610608298316 1.70699 8.11034 0.390148 0.850522
1610608298816 1.63121 8.14384 1.00124 0.162863
1610608298916 1.7003 8.22278 0.998954 0.239164
1610608299016 1.6012 8.16517 0.998296 0.304008
1610608299116 1.63094 8.18234 1.00021 0.193818
1610608299216 1.58222 8.12803 0.999988 0.296209
1610608299317 1.63839 8.11404 1.00103 0.0388703
1610608299416 1.64905 8.16641 0.473189 0.546695
1610608299516 1.52356 8.07312 0.756706 0.0434068
1610608299616 1.55942 8.14174 1.00191 0.446261
1610608299716 1.55241 8.11637 0.68358 0.197545
1610608299815 1.4976 8.10102 0.464535 0.306757
1610608299915 1.55823 8.08923 0.110214 0.104089
1610608300015 1.68733 7.98198 -0.526721 1.22883e-14
1610608300117 1.45181 8.0094 0.0956362 9.00907e-17
1610608300216 1.43089 8.05096 0.161522 4.8672e-16
1610608300616 1.26488 8.05622 1.00187 0.259656
1610608300720 1.07867 8.14029 0.447711 1.20331e-16
1610608303618 1.77679 8.90212 0.998939 0.235535
1610608303717 1.79135 9.1069 1.00146 0.7845
1610608303818 1.85656 9.2487 0.999496 0.846425
1610608304418 1.72576 8.52631 0.999461 0.974425
1610608311617 1.76484 8.74983 1.0006 0.759831
1610608311819 1.82815 8.63555 1.0012 0.323649
1610608312018 1.81127 8.67383 0.999328 0.513878
1610608312117 1.83958 8.66049 1.00047 0.457654
1610608312217 1.82153 8.7553 1.00158 0.639904
1610608312317 1.73159 8.53438 0.998862 0.814112
1610608312618 1.85301 8.77539 1.00053 0.778942
1610608312718 1.80522 9.0057 0.999193 0.407098
1610608313418 1.82332 8.76095 1.00087 0.811581
1610608315917 1.76312 8.73627 0.998244 0.894224
1610608316418 1.80316 8.70968 1.00239 0.831629
1610608317319 1.76556 8.70508 1.00312 0.466035
1610608318017 1.73078 8.64534 1.00119 0.596769
1610608319418 1.833 8.81244 1.0002 0.566522
1610608319518 1.79408 8.67918 1.00042 0.551533
1610608319618 1.82062 8.72095 0.999461 0.659901
1610608319718 1.81236 8.75859 1.00176 0.558559
1610608319819 1.81885 8.70667 1.00094 0.333651
1610608319919 1.80883 8.64787 1.00159 0.524151
1610608320019 1.77633 8.7537 1.00136 0.457594
1610608320119 1.81389 8.77289 1.00083 0.693393
1610608320219 1.74851 8.77727 0.998484 0.812557
1610608320319 1.78727 8.73843 1.00216 0.930373
1610608320519 1.7699 8.694 1.00167 0.397798
1610608320617 1.76909 8.7099 0.998965 0.430647
1610608321320 1.80732 8.73965 1.00083 0.341605
1610608321519 1.79672 8.71667 1.00138 0.707743
1610608321619 1.82505 8.70088 0.999728 0.687065
1610608322018 1.81766 8.70343 0.999674 0.366859
1610608322118 1.7874 8.73592 1.00098 0.705107
1610608322318 1.79541 8.72797 1.00117 0.958277
1610608322418 1.7925 8.62657 0.999614 0.957289
1610608322918 1.78868 8.69842 1.00109 0.702912
1610608323018 1.76152 8.74262 1.00182 0.707313
1610608323218 1.77579 8.76874 1.00081 0.286743
1610608323418 1.76835 8.61161 0.998424 0.178219
1610608323519 1.83217 8.67602 1.00057 0.616409
1610608323617 1.82692 8.67639 0.998661 0.447091
1610608323719 1.84661 8.6977 0.999116 0.728478
1610608323819 1.76172 8.64315 1.00195 0.456354
1610608323918 1.83236 8.67072 1.00066 0.576509
1610608324119 1.79484 8.62078 0.999939 0.372362
1610608324318 1.78035 8.72246 0.99913 0.670362
1610608324419 1.8077 8.70283 1.00127 0.396537
1610608325018 1.83676 8.66529 0.999761 0.386104
1610608325818 1.79822 8.66145 1.00137 0.24327
1610608326218 1.84116 8.71502 0.998659 0.97367
1610608327217 1.74745 8.6618 0.9992 0.53767
1610608329119 1.7907 8.64297 0.999432 0.639209
1610608329221 1.83164 8.64521 0.999151 0.89923
1610608329818 1.7698 8.72638 1.00093 0.797844
1610608330118 1.72896 8.64716 1.0005 0.895748
1610608330418 1.78808 8.73576 1.00006 0.66332
1610608330619 1.83442 8.69118 0.999359 0.775183
1610608330818 1.83389 8.69956 0.999879 0.882264
1610608330918 1.75058 8.71083 0.998665 0.50939
1610608331020 1.80991 8.67164 1.00165 0.469162
1610608331118 1.85095 8.63606 0.999842 0.5009
1610608331217 1.76411 8.63593 0.999244 0.390677
1610608333817 1.81757 8.68992 1.0014 0.655511
1610608334219 1.77839 8.79748 0.999321 0.469598
1610608335319 1.80562 8.94824 1.00105 0.962813
1610608335819 1.85364 8.89153 1.00052 0.165954
1610608335918 1.77081 8.5467 1.00051 0.691929
1610608336518 1.82744 8.76377 1.00123 0.676727
1610608336718 1.7693 8.73833 0.998309 0.945629
1610608336818 1.74837 8.67932 0.998925 0.73686
